5100
1904
1452
4115
5037
4045
5491
8609
836
1622
1536
1189
105
8546
812
8177
2585
7113
7808
3895
6172
7254
5323
5616
3796
1230
5951
1217
6488
2384
2285
46509
643
1901
6675
2001
328699
5402
227
287
9989
3315
4933
8377
3665
3027
2176
6834
4449
5041
245
3726
274388
8397
6444
4298
1312
310011
1331
8763
8363
3120
9587
5669
6414
6203
5702
3853
627733
6629
4311
2128
510144
556
4184
5428
4737
8572
1690
9600
2594
705611
392
1592
5100
5911
6197
2156
8230
1514
7287
6098
154
7341
6116
2288
3398
7283
9308
1070
146111
6887
5063
4828
1203
9209
8817
880
2064
7142
6754
3091
451
604
7491
732
123456
9355
8558
5452
6719
6463
5429
5516
4860
7630
614
308
6851
1405
9662
430
7845
167233
347
2987
9297
8929
8054
788
1207
6409
3617
7827
9566
5229
477
5298
467
1234
5280
516
9379
7268
9829
1299
8906
3980
1299
3898
5229
7552
6931
8996
213
9423
4108
5733
1885
3165
817
4888
3918
8684
6302
1624
841
428
2447
1426
2389
7620
6962
4811
5849
8737
8717
1406
8300
5486
771
57
1259
1269
2675
4745
444
7685
833
5026
2976
853
4649
2131
5997
8151
4914
2362
3293
5025
656
7236
8993
3064
1980
3096
1739
9469
7255
3013
6938
4189
6636
8616
871
4660
5382
7635
5152
4177
2787
3962
2546
1952
2327
7919
3900
6404
99
1825
3602
6099
360
4529
9231
1223
4791
8501
6927
3553
3066
8048
3836
4001
2584
9473
9799
7011
469
6843
5001
4028
3848
2933
9307
5750
786
2403
9203
2441
3051
9093
9951
8986
9903
4319
1015
3160
393
8681
4494
1636
5167
3815
361
9009
78
8123
4212
2477
5815
5225
8545
4238
138
7932
9010
4256
3890
6647
5833
9902
1042
543
4798
2816
2862
6839
9073
7348
4333
7964
9024
5391
9501
674
235
2405
3895
2894
7318
5160
7924
390
2223
1982
9393
7781
608
502
5199
3700
71
2604
9119
9221
9333
4971
2508
1537
6020
1362
5464
2438
9373
4746
1708
7129
7832
327
4890
482
2756
8493
8533
3624
2058
6308
1588
4138
4557
4079
9666
5824
8853
698
8410
9937
7949
9395
737
7078
6825
8491
5956
6559
364
652
7124
6436
9881
780
4463
7647
3976
8627
769
5432
7499
3674
5547
1489
49
68
7474
1732
8699
49
7819
5865
2078
5521
7446
5804
1576
3894
5752
7615
5558
5085
2478
2764
2693
6415
1790
8445
7624
1042
7456
8303
9274
7941
3406
2692
7780
109
200
9352
1249
8393
5098
5783
9119
3804
8386
2045
1017
4604
6413
1262
19
1047
6961
7799
8774
54
4896
836
4621
9476
8347
5636
7071
7616
5077
7897
7182
5792
6346
8597
1566
8105
240
8530
7978
1261
4541
2112
7172
597
8969
4916
7547
8095
1157
4142
1906
1929
9580
7308
9087
3151
2889
1118
1857
5841
1017
2858
9190
3576
4114
289
3227
8970
7621
5777
6293
7628
1056
460
1024
952
8838
2665
678
5744
8115
9146
2066
8609
4955
1486
2182
619
1922
1047
3562
3168
3298
8926
7941
2635
1400
7237
8768
8179
3855
7566
441
9200
2770
1835
3142
462
3676
358
8988
5599
7810
3841
6046
2374
675
4288
8265
3153
8751
7542
3392
7558
6230
7517
4611
5938
4722
7002
309
7565
4408
1232
1070
3298
5915
1892
3678
4718
2754
4977
9716
9223
1610
8477
8526
143
5246
5003
5970
8584
839
8099
3212
1611
207
5647
9112
4708
8602
2519
2322
832
9751
9711
2028
5497
9187
8271
3440
561
7584
6339
9911
270
3348
5284
9306
5173
9412
216
2663
5770
2578
2197
2773
2566
8932
3164
7323
1194
3416
9779
7167
7395
9205
1539
1435
2398
5443
2292
5588
3934
8526
4325
9821
5116
6551
7408
537
1967
2763
7645
1681
1820
824
1302
1413
5071
6654
2748
9398
4203
306
152
9555
3006
2633
8084
3378
7161
2
27
1170
5422
9253
4413
1198
3930
3371
5512
9492
8598
2669
2308
3399
7640
1058
557
6355
8416
931
2679
8687
5264
738
2525
2087
6362
7675
778
6218
2897
6809
1228
8049
249
8443
4917
66
7904
1193
3940
4099
3313
8114
4819
1395
9622
6759
4322
4406
2062
9870
1301
2815
2464
2479
9466
9715
2495
819
9421
4283
4814
5039
4863
282
9350
859
9748
5648
9253
1559
3484
6334
1769
7552
8628
747
718
4496
1710
5799
1812
4884
5326
910
4916
850
5527
9743
4916
9098
3877
3405
3609
8028
1884
5973
7229
106
113
8673
1218
176
9688
4365
4262
1057
2782
808
4903
1604
2743
4814
1944
703
8763
8067
9988
4706
8940
130
6242
4551
6843
8151
1002
3272
9691
3882
1336
9266
5590
1373
830
7977
9008
407
5727
6476
6393
8595
1641
6811
6662
9154
3074
2598
1218
888
6071
1527
9921
1190
960
3602
6613
4595
9736
732
9365
5120
3756
3034
1354
7484
5074
1756
2652
7334
1276
4970
4173
6465
6957
3005
4691
8877
5995
6385
668
4707
5349
5721
5134
5585
9271
4916
4317
4775
3580
1759
6736
8689
3988
6651
9877
1174
8566
3536
2740
3136
5127
8242
6434
1677
5131
5539
4503
6389
6139
3961
2386
3597
8264
4161
3227
1100
479
3236
3913
5004
94
2937
6853
3171
3397
3132
1999
9186
337
5038
1680
926
1669
4076
784
4061
1466
3924
2984
9219
3577
7765
4474
5902
3510
7878
9296
639
8527
6618
4963
7562
5092
9475
5677
5039
3530
1573
1392
5930
4283
3836
24
631
5473
8032
3199
6651
2291
7368
3472
2783
1326
781
6174
3166
1879
2065
2117
4993
304
895
7089
9001
5417
9044
3918
3117
7801
4382
1792
5620
4253
8276
309
5605
7441
1751
2487
8445
4957
6472
8517
2081
8737
2074
1253
1204
8580
4376
7987
4540
4569
7978
8285
6304
6163
3476
8738
6884
9803
4512
2536
2905
3423
2558
1517
4318
1421
4648
288
5484
7841
9835
2657
5536
5339
8483
1846
4570
6452
6629
4112
310
4722
3091
1070
9032
1755
7068
6512
5406
4999
2690
8558
2241
456
6112
4617
2059
5902
4988
1074
9775
3110
9145
4107
2854
8067
160
5691
6550
5520
7568
9686
152
1573
9235
1867
4409
6568
2739
63
97
1797
1261
4859
8515
5041
9764
7026
4772
4012
6041
2150
4832
8421
6859
299
2697
5730
569
5051
1937
5136
5631
3115
2570
3336
5489
4398
9467
7075
1409
6969
3030
2175
4807
2039
888
3426
4034
5374
3521
3518
7162
6418
133
7990
4055
648
7778
80
9255
6094
1491
5675
6188
6489
1188
99
1477
7982
1670
9699
7087
181
5861
6586
6762
763
25
4578
6368
5511
8954
2365
8244
6848
2199
8752
1512
1020
1465
1972
8001
9516
7475
234
5999
6646
1981
2127
4599
2003
5522
193
7315
8475
902
7361
1102
7293
9788
6793
3912
6964
2374
3136
5265
7542
7982
9739
4163
958
9477
2439
208
7149
6427
4004
7054
1340
3278
4324
6640
4213
1494
2564
2728
467
48
5930
5113
6263
8313
3856
7970
1245
7438
288
9207
4366
8706
2705
2178
7526
2656
1616
7051
889
849
2130
2739
8610
4063
3465
6087
2428
8795
9077
9187
597
317
2205
3861
6832
5242
575
6772
1849
154
5684
9905
7086
7099
423
7116
5932
4192
5352
250
2696
6446
1851
8901
9104
2904
2038
8581
65
905
5788
6718
1449
3843
9667
8490
9295
6181
5549
8248
3186
7186
4133
4964
2768
1856
2232
4698
1673
5166
1366
373
2898
1498
3128
2781
6526
3489
6101
9233
602
7272
2544
5040
2055
651
7508
686
1246
5476
5635
4485
4415
9246
6779
842
4075
5946
2954
5874
8387
4546
9251
2997
4656
4716
6945
4082
2724
7394
188
2003
5888
6080
1914
801
8968
3117
4023
8219
5876
1741
1480
4500
1144
3237
7709
3467
9271
8305
1205
222
1699
5348
8774
9777
3960
6318
845
3900
7066
1314
2403
1395
5067
9784
5793
2042
2418
5968
7685
6632
4745
2329
9221
2539
2661
5649
115
5917
3915
6605
9394
2550
6449
6779
7112
2913
6867
790
629
8563
7064
8762
6563
7994
8420
6809
1566
9266
9086
1822
1605
2014
3941
7791
1554
5941
5774
8088
2902
3514
1937
22
9881
1824
9462
7632
3313
7918
5034
3053
352
256
4982
6674
5587
159
3521
4315
408
2674
4869
5645
768
6532
7920
8489
2198
2807
8204
4515
8542
7657
2864
2003
9889
8406
5704
6283
3832
847
8483
5067
7863
1930
2300
4338
5340
4026
3548
3734
1752
1088
7645
294
5870
5666
6738
5213
3129
9867
2421
6777
7987
291
753
6429
6595
7888
433
7300
2534
1068
4536
296
2033
9626
6947
6162
3558
116
1739
2466
1590
1334
1744
977
1174
5440
515
5796
7348
3544
9042
1844
5756
6670
3562
1452
6502
20
7047
9299
5154
4030
6112
2635
2759
150
3297
6137
9848
1188
2472
9414
1401
8860
7940
5253
9424
9655
2203
4038
6111
2726
1740
9034
4849
2596
3780
9496
1603
1484
6468
1552
373
188
6194
5790
5425
6168
479
8912
9531
6082
7418
2219
921
8808
8995
1340
9701
958
3122
2475
1
2158
6793
2788
4603
9949
5031
3417
2145
5888
527
8450
5974
6078
8904
6663
4742
5576
8534
1487
1494
4182
3849
7258
1983
3252
1348
9804
1261
9773
9121
5146
2323
1815
3539
2666
4530
5616
8235
3110
473
3766
3040
3970
9918
8781
5657
3663
3678
428
9484
3214
5874
8185
9101
2409
3603
3959
6191
798
7999
2605
9950
7597
2940
8601
9456
3348
8781
8101
9913
4441
8883
8120
9806
9976
2037
1456
701
6702
3459
6942
1803
6869
3607
4098
8877
1520
6893
9626
5628
5130
1220
3733
9890
8570
7205
3581
6778
1866
8916
8148
2183
4776
6230
573
7539
3452
5106
2271
9420
1659
6330
3798
1482
9276
1340
8474
8947
8249
1219
340
6514
8728
6868
3518
4358
6618
7030
282
8647
5907
1137
8118
7231
2988
9626
5214
4934
6502
1006
1010
8958
5920
8334
1066
7120
7914
4825
8408
679
3914
8672
1421
2155
9871
5526
2862
3297
7957
9814
856
5729
2744
9050
8146
2839
1149
7209
290
9903
3581
6256
2466
7595
8371
6532
4052
375
2616
5527
4308
1039
4108
6202
9581
5071
6424
7954
3215
554
1378
9518
2688
2367
2001
8135
6144
9625
5602
904
6513
9574
7034
3089
1974
6443
3869
6247
9451
1046
8334
1246
5430
1524
5927
7945
8461
1460
2444
6785
2104
4507
571
5589
7320
2121
3958
4049
1640
1036
4197
3666
5987
4755
8789
72
9255
2214
1542
3821
888
3685
5140
9957
503
4766
5203
135
6932
5043
8801
2059
2066
1899
4566
1268
459
2231
1247
7088
6403
6120
748
1165
513
1007
1430
5950
731
6149
9253
9390
8914
9292
993
1509
2638
6229
6504
4489
9723
7684
8719
1223
7252
2305
2828
3586
270
7457
1619
4955
3817
3988
576
3937
1586
336
7125
6875
1676
622
8068
1348
6545
8083
671
1461
7188
1442
5901
986
6792
5999
8848
3598
9590
5367
3557
5064
9083
6239
5180
7226
2272
2122
505
9703
9326
8431
8697
8102
6210
842
6089
9108
8189
6722
2372
1710
1119
4299
2667
8927
2261
3053
5418
1447
1553
9092
9225
9245
6153
3465
9920
3654
6242
2529
7790
5511
1854
2965
5788
7831
691
4850
7389
5880
7951
1089
1113
1560
3641
8762
8650
7571
9946
3892
7014
603
6155
1552
8271
6234
432
6007
3416
8631
742
1121
2265
6664
1449
6360
1460
8903
4793
3516
312
3128
6862
3512
2566
490
5578
8853
594
8268
5053
4478
108
913
8031
6419
3408
4391
7801
7186
6667
1189
1333
8338
6960
2259
9015
6418
5594
8798
7036
7778
9170
3340
2883
3840
4754
2620
5528
2502
5051
7858
5256
8289
6292
258
4050
7429
549
7563
5531
9536
4723
7767
2421
8524
3644
6879
3457
1225
5957
9635
946
6939
4242
2795
900
7295
823
1176
9869
6627
4540
1438
5155
2487
2278
2230
7166
3919
5412
1695
6127
2042
8822
9445
656
7784
8357
8901
7838
7015
8207
943
8901
3134
2850
3261
5499
6622
9035
7859
6592
7590
3087
7896
3508
7911
4361
5060
874
823
1381
9914
6251
8441
4253
1944
7070
588
7571
492
6614
307
4814
9658
1053
1333
1048
3067
5424
1014
7
7944
8698
742
3450
9911
1541
2920
9495
1621
4750
3142
6114
213
3961
611
6960
3928
2166
2545
333
9309
2242
5764
4443
7355
5328
9335
8093
8797
6345
3341
2243
2413
2498
2571
7126
5652
9101
9556
6982
4960
8915
1477
4305
535
5313
722
8007
3164
5296
5488
3356
6800
3033
36
7038
250
4040
5004
280
8058
864
3997
3831
8586
384
5165
4346
9846
1269
9074
1247
4462
1264
9258
8315
8153
7753
9084
8042
4828
9124
3455
3161
8204
2531
8986
8735
1968
1740
7340
7107
9483
6813
1517
6282
2264
5293
7908
6848
2710
52
1946
9065
5222
8541
2750
7544
3059
123
7995
8368
8738
4091
9480
9465
1482
8441
7694
5254
773
6293
2639
5108
9959
5110
4724
7925
47
5167
3016
638
1019
6082
2324
7870
4209
5267
1050
128
1804
2030
1734
2642
4884
9484
7729
727
6689
5393
7688
4666
5104
4409
2797
4021
5703
4677
7820
2208
9782
2336
6609
9389
4270
5224
1880
1908
3031
9273
6085
5707
1965
8939
8261
6872
5130
6831
2436
9674
6602
4949
9712
2933
2506
5043
5310
5084
2882
1361
2524
3235
117
1368
3799
9349
4055
268
3198
3316
703
8935
8150
4352
9373
6009
7520
2186
8749
2045
6200
7769
5020
5597
3726
1133
698
8760
4970
3809
6993
9635
7004
4694
950
5678
3602
9966
1917
8168
8078
2118
3649
1478
4839
8712
3653
864
3135
368
2420
508
8916
5213
2304
8288
3371
5466
4809
1138
7706
8910
1788
9202
5876
5393
5742
6458
7867
9424
5961
2804
304
690
2935
6365
2111
1868
9916
9753
3482
2785
4697
1991
3314
942
4301
2598
9805
4486
1839
1064
6740
602
2042
3926
2972
2027
904
980
2968
7410
8082
7751
109
6528
7030
4676
8758
1169
2603
4154
617
3159
7073
8499
6025
2628
652
567
5101
1864
8963
9042
897
604
8020
4599
4108
877
4714
1525
9186
5117
2897
3513
4171
9479
3513
2499
868
2706
8873
6941
8580
5864
150
890
2673
4983
9253
3932
548
6391
2461
2281
1834
2141
2081
4478
8780
8879
5628
1988
6866
2473
4349
4754
1156
4512
5670
2003
2897
1302
2447
3450
2323
7629
1936
7795
2786
382
4559
3052
2184
1980
4327
2372
6805
1637
9306
2674
2933
2553
3975
1273
3646
5374
1871
8603
6174
4483
5893
5899
4901
7748
5301
408
7086
4765
7847
1159
8724
1011
3747
751
4195
4895
2886
5915
5900
7020
5798
9067
29
6307
7491
1597
1072
1220
8687
811
3555
4600
6751
212
9768
2645
434
4239
9022
7010
7937
6236
7375
7788
3320
2318
8283
2056
9413
5591
9270
3257
4222
9394
7213
4132
8551
4023
7983
4450
6276
7898
6841
5191
5452
4277
4914
7025
1871
1063
729
3682
2441
1597
9531
2066
2503
8896
9834
7198
9817
7391
5434
5749
2729
1854
2542
3445
2476
4623
6050
7170
9910
6704
3258
1703
1075
5206
4427
6192
195
8393
6792
9222
693
6351
3281
7772
2615
6861
3447
7483
9117
2315
210
6937
496
1576
7126
1247
8153
2782
2547
8522
3119
7606
4781
1937
2877
6191
9692
4185
3175
8972
1012
422
4974
156
2311
6500
2161
6750
2937
4117
807
5747
3317
9691
3259
3382
7455
6887
183
1194
345
3619
3220
4068
9833
1582
289
969
9387
3782
6210
6936
6403
7498
6667
8747
5910
2416
8973
8794
1338
1733
1951
2544
3467
6691
9473
722
7535
7608
574
3102
6844
4613
8560
7552
3288
1443
6312
6587
8866
6493
1885
3350
2431
7482
7332
5636
663
4585
1906
7385
897
83
2559
3641
6044
6587
6923
5043
2288
3001
4901
7823
3348
4087
201
916
9233
1915
2425
3405
2471
8103
4880
8973
2239
9757
3171
416
1520
4647
841
6611
4774
2966
4508
1591
3728
1225
8880
6418
4153
3313
7220
2455
1225
8898
4071
3943
972
4045
9213
9560
1220
7596
9826
1493
6491
7132
7790
3222
9035
7442
1145
4721
3649
376
2624
5649
9263
5031
9641
4614
3713
8377
3460
173
9139
7407
8819
8882
1025
1232
1899
6499
3423
995
683
5526
6762
1999
9437
4734
8287
9313
1979
9658
1882
4655
835
6687
6529
91
4526
1863
6306
377
4189
1929
9658
1172
1349
9371
1128
6461
1421
4518
7458
4758
9669
9849
2150
1870
1001
8945
5491
2574
1830
6295
5817
7732
3245
8889
9470
5533
5414
1790
6483
2153
4614
4756
2647
8793
2356
8749
3930
8908
2280
8922
68
7915
7253
5701
7126
6609
2777
5925
6929
6575
3603
6430
5479
9423
3060
4216
2095
6455
9673
2178
2476
8896
120
6229
800
2072
1864
7277
9597
1797
1926
5558
8060
4395
470
5715
6450
6735
2471
757
7248
3869
5065
8793
5642
7431
9203
7939
6778
9455
2928
8811
4501
5384
730
7237
9646
9847
4315
2149
1978
6239
2447
1890
9380
702
1838
7754
8562
2354
2424
134
8392
1280
2241
9040
1995
6278
6928
8642
8728
9871
131
3329
1990
2583
8341
9210
5850
4160
9011
252
9674
1236
571
390
3731
1003
437
8306
8350
1456
6854
226
5137
8831
3875
2522
2211
3906
4436
2686
3218
1773
1721
2605
8056
2742
7793
6894
7834
8553
744
9866
6659
8138
3200
4075
1953
2044
8068
6323
2687
4386
5689
1584
3395
3588
8038
3215
3176
5076
4566
8046
1118
3506
6395
4902
561
4301
3029
5577
7928
8074
5331
1736
9966
650
6345
2040
7718
999
5859
4918
2123
3839
5193
7001
6374
8581
3827
5863
3764
7972
4799
7706
6134
9381
9408
948
1050
5283
8169
3857
5754
6509
9611
765
7540
3132
8956
9462
7530
9317
425
6898
4731
5937
1804
884
2882
8347
5825
3835
989
7594
7254
5195
337
2448
4273
2864
283
3298
1975
6416
6538
3609
1449
1553
3772
6759
9089
3755
7958
1646
4943
9231
9496
846
9373
5417
1791
3390
5177
4657
2157
4061
1460
120
7558
4489
8294
8001
1005
2144
612
174
8335
8933
9733
5629
5037
597
7746
1186
3936
2442
5308
1350
1848
2160
850
560
342
8486
8514
3860
2714
919
4352
5401
8303
4329
7030
2336
9638
2438
2123
6433
2033
6938
4374
1448
9697
4364
5028
1328
3233
6593
6745
4078
4741
3052
4900
7890
3069
4378
9029
2825
94
5758
7507
4503
371
1224
4297
1539
1824
7148
7490
8739
4119
7424
6309
8858
7023
4597
3986
1535
914
6026
9965
703
2037
4589
9290
1222
8413
3316
5402
5402
9248
4059
4373
1433
1626
1470
473
3748
5185
2666
4033
6715
3915
5087
265
2939
8271
5720
6769
2470
3177
3102
6705
5906
4050
7418
9196
3220
6575
9050
104
5134
7736
1958
4109
3511
8300
7331
1419
8490
1027
2199
2017
3298
804
7198
3691
5700
1145
7277
5708
8109
9056
2757
2493
4062
1378
74
7204
9861
8889
1301
9400
9726
638
2406
2211
1369
9457
9806
2330
2222
5405
9612
9114
4734
9770
4231
3363
540
869
1163
537
5741
2109
7591
1112
9243
9999
8982
7768
9360
3989
1293
5041
1041
2250
6245
4353
3416
4225
4168
8347
3863
5287
8354
2099
5050
1397
2624
1544
556
5275
4396
96
429
2570
4476
2906
2450
640
151
8288
4317
1641
1753
2572
3407
3316
2201
3612
9675
2868
8889
1177
6493
2392
9758
7924
1579
9102
8626
9826
8539
5251
4646
6170
6085
2429
1787
940
3306
3245
242
8037
5109
8911
8610
5792
8080
3796
3051
4943
2411
178
6713
9082
4585
9354
7515
8183
4971
6363
1684
6986
1441
9829
3634
5183
1629
2048
9405
4838
2203
4206
9970
8158
9887
5694
4833
5062
7709
7330
531
704
2734
9316
1888
278
609
9092
3200
4641
1953
2261
7216
3896
5910
5561
6504
2662
4830
154
7642
2480
8157
6363
6237
2741
2883
3022
2124
8998
173
2311
3193
3431
9534
6272
1861
9543
8432
9902
740
8173
1493
1477
444
2451
2755
7144
751
2616
1232
7235
3850
5536
9881
4540
2765
511
1641
6455
8155
1703
1977
3577
1940
4765
5011
9871
8354
5442
8843
7601
1952
2593
6944
1521
7026
4500
2479
9560
6225
2620
9689
451
6885
1169
7478
2777
3928
9302
4250
2689
2104
6609
7623
2417
1101
6522
4675
9002
1821
9265
9564
1683
2700
8053
3897
4434
6888
6755
2514
3170
660
3195
9603
8722
8802
5865
9053
8794
3687
2658
9341
180
1882
2637
4705
2104
6285
5157
7352
3687
4223
1628
8010
6397
576
418
4024
1697
1463
5878
4453
8623
4145
9501
6453
2104
3163
8833
1333
2296
6657
5995
1627
6824
9672
2499
1583
2356
2057
4535
2410
4016
719
1403
5757
4135
1684
7424
2310
3781
5382
7864
2351
7477
1888
1337
6263
3485
566
3072
3510
2201
1504
6599
6363
2277
8091
7162
8007
9343
2572
391
9759
7372
6279
5717
4078
2042
1087
4214
1514
2293
7551
1423
1656
3278
4216
3143
5602
3049
9276
5374
6168
1110
5850
4705
9349
1795
2331
4155
7891
1216
8797
1406
2625
5042
9069
5490
1172
9244
2362
7805
3244
1675
8376
4596
281
6017
9347
2304
1581
9348
7364
789
2356
6376
1369
2415
9697
9002
2479
3726
7610
2574
7891
5363
7544
2844
3226
9899
9399
5782
814
2620
9653
9198
4234
910
297
4902
2311
5308
2929
6535
6104
8154
2049
9029
4850
3706
9832
2051
1201
2682
4933
7235
6599
7455
4362
7729
2694
1912
3584
6449
5792
6028
7900
2198
237
4918
3472
8356
8797
6050
7844
6056
1038
9032
6615
2087
3744
1033
2721
2996
4359
6087
2859
5462
4017
3050
3473
1177
1849
5520
9942
6948
1771
1732
3993
3611
8537
4963
2967
1253
6845
5835
6144
497
912
4309
2655
9476
7850
420
1876
8422
9322
5566
5780
2271
9897
2155
5812
8572
2107
2972
7153
502
1110
3613
7252
4741
8949
7646
4404
448
5151
606
2653
4200
4276
5897
5391
5414
9319
8069
6890
3282
9426
2695
7785
822
3575
1115
5628
9826
8083
307
8058
1249
1288
191
4774
1420
1099
3358
338
6477
6458
948
3809
951
114
1197
5282
2260
8192
7586
666
5359
2279
3913
4352
9027
9506
289
3247
451
8666
1822
2424
5308
2138
161
9734
616
577
748
246
1860
6935
4853
8294
756
8916
1401
6941
9894
4094
7219
1116
5268
6993
2845
6196
6782
35
8070
4007
1559
1480
2836
9715
8015
8612
1324
317
9361
4480
9488
7770
5565
2335
488
3636
297
8208
8724
1914
3572
7302
9857
5001
6459
5879
5210
8186
4895
2626
8561
9324
9862
117
5230
3556
1154
782
4423
9089
7519
8640
273
6245
8544
9064
2358
5137
6317
3184
6407
5904
1606
7683
8563
9624
5211
2754
9449
2124
6158
1559
507
6693
9369
2441
3604
7265
2957
6607
9307
860
7786
2088
360
8703
5430
346
678
4183
2856
8842
8713
7080
3220
5755
8275
2833
3404
5706
562
3969
2580
4538
59
5850
2454
7819
9117
8325
9176
865
5999
3750
1227
6434
6956
9569
2837
63
7537
2701
7857
6151
931
7769
4086
1624
1334
5788
5749
8791
1804
2145
5383
1618
2474
915
1559
8821
1186
3909
939
8986
1932
1958
6200
3716
9366
2962
3830
1677
6894
3164
1026
4814
6605
7227
4628
3280
4726
194
9792
2033
7455
9237
6704
5209
5952
8249
1954
9517
250
8123
9662
8755
6410
228
6667
7479
9613
5467
7922
2077
5654
1355
3202
3273
3070
4406
8950
1068
5611
6602
5908
5263
2820
7524
8968
2837
3332
291
49
8252
542
1998
7673
8612
6144
3848
2186
3
3514
9522
9375
2200
2592
9138
825
4238
1454
5187
7604
7683
253
5037
73
1514
6995
678
2741
2687
9327
25
4010
6569
4549
3494
6516
1044
5254
1418
5151
607
677
5569
6135
3635
3893
3385
4864
6390
5607
6841
8663
6479
5090
2674
8328
9787
7331
4836
3345
4222
1592
9284
5911
286
5784
268
2488
1965
9734
4851
8017
3509
8965
8207
5360
3097
381
7049
7421
9913
5934
1872
8341
3158
1205
6161
5079
3351
9437
5829
2547
8636
6888
2139
5118
6721
8782
1367
27
6869
8517
6603
8839
1035
7266
3429
660
9648
287
6393
665
959
6638
4177
375
8546
2620
994
2031
9753
2713
8113
8562
8399
9383
8742
6601
6395
1872
8303
8327
1909
9646
2440
1275
7642
2725
2458
394
7474
6484
8226
9596
9951
4636
115
6646
3048
4159
5982
2024
9736
350
8609
1592
6641
3420
8093
8159
1332
8870
6749
8562
53
1335
8676
9044
362
9046
7910
3834
8645
9251
2666
7583
6051
6179
4670
6552
499
1896
7708
2427
11
3796
1164
8284
1607
7983
8665
424
7828
151
2072
2822
4925
3672
4934
1466
9427
5421
2098
5004
4818
3509
7611
2520
7153
233
827
5943
1546
8236
8836
8974
9867
2756
9322
1734
1132
1161
3313
9628
8147
1580
3800
5177
2500
6922
4151
693
6572
7600
7029
1608
2768
1585
9805
6209
2658
5094
2961
4346
7492
5766
7039
3003
6256
726
8019
9790
3703
3986
9902
4835
6056
5580
1158
6149
1107
5988
2574
8941
2271
6826
6103
566
2697
7680
6534
4976
5166
4547
2376
6041
1994
1707
4372
3144
3170
4993
4656
1212
159
4897
9607
5173
1292
64
297
1009
2499
416
1459
9562
1266
897
5184
782
3315
6170
96
3519
4316
3400
4537
1755
8293
694
2363
9167
7800
5566
8024
9512
6462
1439
6916
5370
5095
9504
7065
3173
9705
7155
3678
3204
8734
333
4297
4840
5063
8838
7170
9365
8486
252
139
3130
3050
9229
4157
8135
1612
4548
9380
1882
922
1331
9629
8523
2977
6627
5935
6345
4720
568
7112
6115
9659
7752
3161
76
2429
6572
6677
105
2018
1960
1270
4861
2516
6760
673
2711
7572
3996
6906
4730
9739
9702
3323
2254
3650
2417
6609
9605
815
4116
2952
4608
2224
5719
2889
4738
557
3206
3616
4469
3529
6403
2482
7020
825
9072
3375
5625
4617
2526
2949
9217
1467
3552
9653
5324
7329
1651
2954
2321
221
4210
1238
3361
3351
3365
9823
9058
1407
4441
6299
5712
4835
8022
4184
7199
1699
7661
2575
740
419
2545
6778
1877
2545
7288
3587
3790
8503
129
5759
4773
3683
1896
7019
9888
6998
3607
1701
2485
7594
6160
815
5458
7560
1209
7551
1134
9512
5894
3594
9216
4153
9181
131
2303
8996
2726
7870
2074
4860
1906
8282
1993
905
2862
5886
1763
326
2088
5955
3681
6855
577
2099
8163
991
2451
2384
7618
8225
9012
7831
5045
6501
4124
6135
1000
7501
9091
1325
1898
5592
367
9634
7157
8407
205
5047
2164
1999
1006
4175
4992
2046
1156
7327
1115
1457
3724
945
8049
9685
5198
7231
587
4109
83
382
4918
1556
1943
3320
8884
1395
8847
9695
3730
7829
8893
3951
7097
9417
3585
3187
3512
5607
9394
8059
4434
6791
5261
4124
4116
862
1741
7049
8266
7898
797
7089
2995
8081
8090
3768
3186
4469
4475
1434
6086
8698
4069
893
8172
4251
4074
5671
19
7866
8035
864
3840
790
6622
3577
8420
8306
1641
3085
6107
4756
1023
8471
613
3579
7906
5892
7787
213
3707
1354
7818
5663
5518
4713
7060
1374
4977
9537
4504
4270
8926
2853
5118
3225
86
4047
8311
9227
1465
7219
9428
307
8244
5368
7910
2444
1946
8996
6806
1068
182
6279
7271
189
431
2028
8264
7162
9821
9627
6174
8156
8555
9986
2418
903
1726
8278
4823
414
3493
9108
7454
4446
4802
1084
3165
8650
5400
161
1661
9906
2404
1034
931
2697
7873
1069
7426
2263
5927
2172
6223
6909
820
464
9957
6599
1406
7638
970
2086
1879
1719
1170
5807
2993
316
2178
4062
3636
7010
6599
2175
8831
4602
40
2126
9851
9540
1945
525
1638
3101
6754
6870
9791
9638
4784
4594
4477
8727
3450
8506
5412
4100
5462
6220
4442
5759
1661
5664
3895
6015
1468
8218
4476
2895
7821
835
4710
9529
3125
68
787
3573
4623
5666
8644
6796
9545
5136
2851
6770
941
4593
3063
308
2516
4558
725
5966
310
5559
825
8656
4484
957
5382
1522
5641
9071
3738
5365
9566
515
3765
7836
3134
4344
732
1147
6954
2745
3929
4991
1341
388
5669
478
7346
8428
8281
9184
8805
8205
3713
5262
8391
9278
5843
250
2390
3899
2862
2991
5468
1923
1989
906
2039
9071
4046
8602
5321
677
1671
2468
6225
5516
1481
8058
3338
1408
735
6125
1506
5944
9256
1168
4301
2502
1179
3007
3403
3039
5419
6128
632
1388
5131
888
3074
64
1219
9457
1328
5387
5524
747
1921
254
6153
9809
3939
1344
3806
1661
1989
705
8789
559
3391
5293
503
8953
7696
3795
6616
6271
9384
4742
3886
9421
1655
9267
5059
6249
6182
5908
1497
3835
1205
4469
7213
266
8196
2054
8703
4825
3046
7840
1057
2625
7971
9979
1183
1409
6269
4126
9070
996
2725
9320
2743
1234
7951
4368
245
3129
9459
6168
8317
1597
533
8680
5134
7277
2455
6088
4890
4344
6685
3980
9444
944
4882
3159
4378
5086
2106
1578
36
6727
3415
8428
1677
3518
5808
4782
8866
2025
798
2671
6809
9128
8345
2990
9492
2003
4195
3038
1158
8643
8595
4719
1973
5796
6565
170
9504
9929
9103
8813
2483
9361
5351
4104
7225
5929
8291
3975
7649
2642
977
2353
516
5684
5065
2624
7270
1682
960
2930
9019
304
1982
2463
9613
9075
3826
7852
7003
7273
3140
6384
7411
3641
2491
5429
1410
3979
7681
529
731
3530
8067
9189
4007
217
4797
694
5629
5797
358
58
3779
6073
8200
4741
2435
5991
7539
9013
1104
918
4849
9963
9835
391
1629
1915
5585
1181
2704
6453
9656
3787
205
357
5642
8608
862
2664
832
5441
3901
224
1763
694
6119
4201
2383
9528
8638
733
1530
6056
239
4805
8339
2676
5156
7346
3822
2438
6842
7803
7839
3053
9429
4535
7572
8128
8562
9117
2088
2256
4861
5194
5862
1997
5525
1379
2651
3212
9197
6060
4559
344
5604
4056
1685
5175
5527
4241
6752
9582
4485
1290
8872
4279
9540
1908
4670
1281
1346
5758
477
2889
4878
1009
8913
5816
952
6394
4461
9421
5815
9545
4727
8365
8153
5978
8806
344
6336
9393
7727
4141
2011
5980
8220
3729
8242
4164
1135
1964
5719
644
1718
8372
1193
4140
319
9375
618
24
7517
8306
3459
7245
363
3327
9847
1188
4977
3951
2934
2795
2197
4572
5011
8823
8755
5443
7767
6190
6656
6536
6327
6949
1707
9210
1108
869
3270
9592
4722
9859
628
3332
5467
8416
5283
6439
788
958
1179
2309
4577
5940
8327
3491
2757
6356
3524
9542
8716
9915
1944
2749
9804
8505
982
4754
4760
6210
9214
317
7144
4148
5546
8506
6934
9354
7094
3068
4138
608
7503
7809
7816
1831
848
8744
2040
3003
4680
9457
4519
468
4272
8052
1996
8730
1948
7668
654
5612
625
5093
6516
3491
358
3916
6860
2322
7197
9974
8432
1649
4211
7852
7573
2203
7206
1269
5030
1076
7319
6396
4210
4479
3632
9588
2433
622
7192
1161
1820
4331
5460
6089
2382
9143
8864
4659
1541
8322
2479
9150
9725
2410
3439
8685
3296
295
4177
5537
4182
9702
2872
7648
4115
5620
9343
5893
2626
6143
3935
8984
7964
3591
3777
704
1806
3642
3970
7445
105
2624
3621
6747
2219
1876
269
4332
1103
2548
9562
1877
8400
8667
8483
1044
1700
5229
3446
736
6071
5763
9580
969
549
584
1120
3266
5532
1250
5985
3996
5584
6469
5094
309
3169
5844
3346
7665
8875
9674
1113
7543
7501
105
3169
4960
8956
1681
4540
6507
9944
6146
7861
1957
6638
2309
8521
2263
7984
4744
2632
2112
3
9833
9627
8148
2439
773
2569
6565
92
6657
4213
7794
6051
1273
586
3853
1778
2087
2250
8065
7869
3542
5458
5635
1665
3431
3570
3112
1106
324
9037
136
6520
4195
5436
8897
2949
1006
1399
4991
2138
1681
8662
971
7835
7315
1797
2722
7824
2296
4455
7191
8222
2086
6460
9003
1125
5654
422
924
7754
2078
2200
4188
1128
2541
64
1955
2995
2166
9015
7448
8622
1665
9126
3420
317
2958
5275
9879
8653
6892
60
2599
3059
2729
4059
4070
3346
6650
411
4971
2769
909
6530
4772
2652
1053
2080
883
8393
1606
8159
8982
9822
7802
219
5644
5714
820
4131
8644
3121
4730
8992
4392
6420
5384
4390
1690
2256
1131
6970
4222
205
5610
3843
1865
5514
8492
2771
7864
1407
726
55
723
6084
20
3117
2307
9920
3099
3350
3954
5684
7868
4972
675
6025
8475
5462
498
4615
1472
1786
7340
3336
94
594
1522
1436
5746
9986
3082
7982
3278
7800
4343
7814
9751
21
7770
5281
5420
859
8520
6398
2632
9976
942
1578
9386
2690
2435
7247
9858
2035
1613
9112
622
648
8647
3272
9047
5364
881
1580
9206
6362
4824
3790
8859
1386
552
1659
223
6459
8367
2615
4087
9771
8851
2000
6780
6131
5527
5344
4441
4223
9562
6471
4117
2508
385
1176
5058
3266
6998
1042
2501
8116
4928
2850
9015
4229
4405
4296
603
7358
62
7287
6033
2846
7754
9889
8282
481
5573
6930
2109
3108
7866
795
7082
6551
9959
3667
4717
7379
2400
1033
7812
8383
6262
6668
629
8286
1706
8718
2010
5403
6253
4503
3774
2552
697
2598
2797
3379
1685
7325
1254
8938
133
9454
8372
8864
6673
9328
4926
6881
2215
6055
2140
6050
5443
2515
4539
2620
7294
4135
9474
9851
4596
109
8582
9426
7658
1160
2651
1569
752
2986
9004
8522
9668
3495
268
1872
7607
2345
4094
4737
5732
3670
4834
8486
7934
3263
4162
6248
7401
6202
1452
4597
4364
1090
3232
3331
5
5821
2524
9205
4045
431
1222
9692
1166
5950
1866
943
3154
4197
2133
2173
4702
2348
5905
2162
6975
9080
6113
3049
3491
2559
5984
946
7068
4495
4773
2388
1568
8815
9450
5076
2308
1782
8045
8535
4555
9067
7382
548
4249
268
7690
4205
2269
9779
2176
8191
1887
8502
2978
6856
5653
62
6230
2073
3068
2970
685
2973
5877
6053
8347
921
5134
6453
2809
4931
1155
8774
1688
872
7909
470
5383
4104
4042
2866
6662
7861
6996
2897
1611
8061
9206
6479
469
1331
6037
1997
1024
789
5084
5431
6489
2041
2658
2230
3122
4249
1983
2983
9239
5666
1693
3083
4098
8935
2556
496
3660
7099
5480
3697
3141
5311
8095
4330
2102
2248
4654
7118
741
1493
6571
1292
9034
2223
5560
5263
5327
1185
9446
8822
9612
4395
937
9219
1460
6786
1739
2471
890
3706
1059
7934
6360
1046
4263
8119
2418
1919
9215
5015
1830
68
1884
4430
726
4353
601
3466
1738
387
3953
7099
7503
1162
7057
55
1061
1232
7983
6110
8424
1193
764
1008
2636
3195
5510
494
6751
385
2257
6895
553
9754
6726
7620
9735
8727
2316
5886
1705
1366
4535
6142
5496
9176
7550
5133
3532
2409
4609
9645
1453
6641
2171
80
1001
6246
4868
4391
6629
629
2394
2334
6375
2049
9266
2854
5508
282
1321
4403
7781
3586
9920
2423
5759
7356
7687
4062
2707
1478
9096
524
7523
2841
3400
8980
3062
5710
9530
8123
5934
9204
7093
3740
264
2239
1830
8572
3684
4130
8777
3729
4022
304
8532
4399
8347
959
516
9283
6688
5087
8621
8179
4832
4458
8652
6069
8092
2588
3615
288
5360
2837
8823
9121
1924
9404
3677
2430
2256
4486
6387
8640
5987
5800
188
2508
5670
8185
702
1602
6780
9211
55
1258
8397
3564
9902
5308
9635
1672
8171
399
1797
8433
602
3781
9794
8113
3756
5765
1568
8511
1935
5048
7974
5377
4399
3639
8022
1873
684
6357
8559
2547
8894
2090
1122
4102
2438
3487
5507
1544
3943
2721
8947
4767
1525
1392
6588
3958
5181
4663
4316
5236
8213
3393
245
900
3141
1129
820
6736
678
2786
1873
7582
5866
2217
3798
192
397
5768
6724
9047
5834
2429
5634
8024
4001
1226
984
9090
759
1661
3851
8334
2398
2483
105
1416
9783
297
6295
7661
9749
4659
4233
597
8628
5168
9571
595
154
4606
5805
9275
5676
6682
1340
9028
8212
7083
3167
1150
226
1280
3110
4421
8369
6726
826
3606
4620
142
105
4177
7504
6879
5729
8896
6227
920
3935
1479
9701
824
9544
6653
7766
1858
2359
6010
3192
6667
2056
1569
7479
6182
5686
6448
7158
7826
1648
1333
412
8882
3024
3219
4095
1645
6879
2502
175
8663
275
3652
6503
9776
5163
5556
7791
3548
2877
1843
213
2210
5309
36
8877
6553
4753
311
2038
3088
6082
558
8543
9484
2646
6364
2987
9527
2476
767
6145
4039
7095
2560
5174
3485
6927
9689
1135
6559
7732
4038
4930
7081
2084
30
9404
9023
8607
6548
2360
950
6377
4425
2862
8596
4449
9828
955
8388
3279
4069
9504
1902
2483
8294
2573
5735
7835
1011
111
6613
3045
3052
5239
1942
7510
3288
2045
9442
666
332
5253
8845
6286
3709
9681
6545
4569
4466
2551
4460
7090
8269
9780
6326
5182
3884
8865
1446
9625
2507
1189
6949
3895
5676
2348
5827
3755
8106
1175
7336
2232
1482
9459
878
2759
6370
1166
3949
5960
4079
8407
6807
2139
3026
8966
598
6289
4234
300
2834
9999
5416
6076
4487
2180
8879
9082
5062
8955
5499
5330
6987
4195
7219
8732
5680
2556
6930
4719
6799
9460
1570
2468
7325
932
9018
7677
4454
9253
6122
3669
3251
3702
7539
5097
5363
4914
9805
4968
7113
4446
3043
5511
9122
5329
2178
7367
250
2871
930
4667
1376
1031
7252
3685
7974
243
717
1761
6845
5407
6497
6308
577
1446
2164
8278
7697
4234
4701
6686
3971
1371
9340
9644
8149
6762
8397
5741
4422
5166
7709
6730
2102
1751
8844
5395
1851
7281
8084
1226
3173
1210
9721
8866
3829
2679
3602
5338
522
164
7223
5924
1531
6844
8475
9820
460
280
7020
7541
8091
9642
9321
9093
922
5053
1475
404
9346
3525
2103
3009
3589
8237
2026
5302
2085
5585
5494
157
4852
2312
1205
2147
219
3943
1099
7820
7199
4482
2136
4231
2288
5235
7150
4099
7924
2256
9377
3138
3684
1961
3085
973
1925
4879
9820
7353
4490
2619
1431
9080
6456
942
5116
9202
8826
20
1650
9590
7654
5855
6937
6124
9807
2385
8069
6557
3485
7034
2493
5797
9226
1539
1294
8679
8461
5721
1382
5601
1325
2207
1566
7074
9246
3133
6535
410
6208
1165
1752
769
3097
8776
7558
5771
7343
268
2742
9897
8891
5409
9871
1123
2090
2716
6324
1078
2694
2163
2400
5640
7396
1507
9842
1572
1887
9390
8747
706
6821
2201
662
6693
4016
4437
4776
7340
1656
9563
88
2785
1879
4062
7968
7942
2302
7452
3252
5586
1638
725
5971
4678
8649
1951
156
9700
2257
7033
1379
34
721
6687
356
4091
2884
222
8470
2775
9570
4152
5588
8045
7706
2025
7880
5622
4412
3675
953
9315
4918
8583
2599
2161
1090
941
1268
9980
9150
1270
2533
7186
5260
2456
1065
2154
3083
7562
4233
4565
3510
7721
7441
5427
9771
7914
878
6841
6878
816
9321
5234
5215
2496
9123
3619
6329
7380
1889
627
8877
7965
1114
8731
6158
540
9581
1467
2750
5778
6761
4045
4266
4391
408
8845
6225
3768
107
2057
2683
9812
6508
7078
3351
4346
864
7892
3269
6139
59
9554
1429
7029
7273
1780
1968
9011
8186
5076
6470
2079
8157
7560
9927
2553
3040
4675
4438
8445
6119
573
3178
336
4459
7207
4903
1131
5013
7130
1950
9131
6539
8832
6016
9031
1962
2294
4072
6372
8486
191
5273
6023
701
7532
4181
2105
3842
3451
5457
1455
6873
2238
9781
5258
6142
7678
1896
4971
7867
4031
2475
1468
8649
4693
1061
9660
4615
4007
6687
937
4809
3716
9409
2290
3011
4163
781
6141
6182
5407
2313
4663
2201
1907
9507
26
2780
7474
5569
3108
1433
9066
7782
9766
4733
8602
8668
6953
3765
1201
9630
1448
5276
6713
1108
5146
2180
9269
4613
4798
611
4934
4488
5053
2112
3284
9436
7754
6622
2507
841
7901
4056
4324
870
2144
1389
3414
8461
6841
5359
4236
11
3690
9030
9944
3516
5045
8875
6904
5095
4180
9777
6121
677
9192
1254
3386
7784
8592
6475
8386
154
1293
2560
4131
8643
2691
6244
8913
976
2067
2747
1246
6080
9415
6241
1096
64
6493
9469
7206
2777
9127
1818
7215
8792
7074
6146
9771
7295
5894
3868
2110
4091
8653
7336
1666
2534
7000
712
7347
1501
1566
3921
1985
6148
9110
866
4786
9560
1880
2213
855
5509
5983
5891
6160
3193
8273
9021
545
1849
2818
9656
3143
756
2165
8953
3414
6805
4933
1697
2357
3468
1091
4282
2909
1358
7537
2355
9789
8332
1486
7225
7377
9506
9827
4951
7828
225
7486
8446
4356
2623
188
7416
7877
9165
4669
8154
873
6857
6786
8201
7278
7829
4282
1102
7624
8456
2654
1180
7345
9156
7945
337
1310
1047
4476
204
4020
2678
4529
398
8699
3623
8638
7284
6865
318
8588
7556
1618
2618
9897
3637
2375
4752
7131
9060
1980
4249
9462
7141
87
8488
6240
6486
501
2014
8018
1114
695
9793
4337
3797
8846
2762
1999
7651
354
7199
4236
4414
6537
5153
336
9056
2070
5318
749
5781
672
1145
6161
9988
5877
4768
6474
5248
3343
4350
1741
6474
9045
26
6968
3898
7845
6945
5606
702
5521
3704
4275
6161
9831
5588
145
2687
8789
2589
1370
2456
8941
7152
5223
8804
1205
1188
9408
6374
9843
8367
3973
7796
8887
3818
4828
8901
361
9746
6300
6876
3700
1249
9258
2101
3475
5116
2866
4861
5276
4382
344
8758
7034
342
5087
8155
2255
6316
5386
1489
9481
1673
6241
3151
2500
5287
5446
1648
8833
6503
9657
7638
5926
6626
2089
8945
5525
3298
6316
8624
7809
3890
6912
695
6815
1619
5698
6401
7674
6240
7104
5160
3353
5780
1578
8868
3556
539
4238
6848
6245
3686
7221
5475
2924
9683
3559
813
4582
2525
1510
816
8526
7359
9898
7218
692
7487
8504
160
7502
3497
7913
1060
332
1192
1752
9530
960
4892
8972
9392
8894
7833
7575
6668
9584
1181
1278
3698
9789
5252
8202
2070
2027
6415
3246
6383
8850
7282
921
5373
8707
2605
750
269
2601
5086
2803
6282
7775
4580
2536
1574
6387
3847
2504
5753
7721
5558
6276
9304
6370
2305
5950
8506
7070
7433
6019
6423
4784
5940
4637
5171
722
6229
9208
1274
121
9164
9507
8523
8457
3354
169
2026
8876
1160
5297
8289
6079
7544
1938
134
7326
1803
1979
35
4881
8772
7938
2978
8070
8462
4540
4775
1602
4554
6461
7203
7234
731
7071
6678
9927
8646
5000
629
9825
339
743
8092
3099
2777
1232
9941
1736
3002
553
362
8075
9706
2771
3559
8829
2678
2557
4900
171
4210
8037
8594
7758
5460
3281
9427
8800
9871
2509
8062
3243
4786
2373
8307
1380
3347
550
6045
1992
2454
1904
1446
8965
1490
7710
3087
4956
2021
3817
48
5574
1047
2890
620
1589
6317
9119
2009
5852
7359
8832
719
9217
5196
2450
4798
3218
6092
331
8709
2726
2311
535
736
6790
4596
9531
6658
3196
8292
488
5747
7722
7360
6786
5868
1933
1872
4306
7921
6019
8957
4152
9629
8380
3401
1973
7220
5070
1534
7208
2837
2955
7557
6920
7775
7718
8712
2897
5703
835
5049
2402
3014
7919
1893
6151
8791
8080
6291
2834
1682
3934
6193
4847
4930
9139
8529
8983
6254
5854
2176
4630
742
9470
8776
265
4828
7613
7206
7594
7366
171
6990
4735
2193
1629
5373
4223
4024
1558
1040
1894
3301
6692
7043
1339
2470
5982
8077
9184
3604
8653
4202
1163
3840
9608
6616
4051
7951
3732
5430
2988
664
5115
4410
326
9115
2317
514
7666
3605
8277
8717
2952
4881
14
4236
4709
7201
6709
9603
5320
1997
7936
8548
6031
9258
1247
4557
4958
1455
8562
720
9104
6485
7356
4901
6288
7869
6534
8171
2730
1446
3623
1988
8974
8479
2083
4178
3925
1482
2433
3500
1639
5185
6177
7062
5276
3229
1117
7216
6705
3445
3216
8557
5550
1428
1893
1654
8469
1870
1601
3952
782
6100
4595
3580
6129
5478
2475
2494
2003
5081
6505
5760
5588
5177
7239
6344
2824
9393
3722
3735
6214
5816
1269
1939
2589
1198
7038
6231
1453
23
7925
5449
8309
6295
5970
4589
4857
5519
8766
4024
918
5175
9429
7976
1657
541
1915
2210
3260
8797
4109
8859
4675
3185
5993
3083
71
3370
8880
1951
4096
5024
6682
3934
9688
5398
8603
8943
7101
3730
7157
2825
1159
8044
1182
1802
7532
8100
5155
8620
5216
7129
3406
5701
9249
9495
9284
2350
2962
4001
9585
1574
1221
2288
440
7128
8879
4186
8358
634
8007
4566
775
6631
2175
2911
587
1728
5174
167
9914
2590
7980
7486
517
4667
1368
4179
5503
386
4119
2714
1868
4084
3622
2095
3160
4733
4962
5306
2715
2022
9757
7972
2444
7932
228
3641
9780
5072
2510
1149
4997
6513
5960
4836
3194
1767
5663
461
8705
1521
8750
4846
1750
5137
1897
1910
6801
2902
7672
1583
4163
2763
7736
7683
1917
2894
9470
5969
5906
7524
1742
5407
1678
299
5915
7090
4198
1376
3808
7052
4338
3761
4414
2069
8569
454
4311
1293
1947
2540
3562
4945
1269
3649
1600
8460
1409
2439
6407
5808
4956
4835
8268
3861
5388
309
2495
1265
2369
9629
3441
4760
314
2636
2097
8998
2204
3049
8935
9755
4415
2693
9841
5799
378
1
6973
550
6224
5630
2661
6477
3466
8357
1761
8454
4023
6584
2698
1784
7089
6568
939
1579
1474
1817
6829
4890
311
9843
9811
8905
5876
7163
3299
5353
3912
8273
3750
762
5203
1818
4977
401
8517
6737
3397
9387
9640
1146
3108
3248
3824
5064
1414
362
1282
5264
1531
872
2163
2284
6945
5839
8770
8964
1384
3296
4841
2218
7796
9696
3040
8501
7987
180
499
6993
320
651
8454
5237
9271
4896
5813
2517
7018
1152
1200
5081
2547
3785
9271
7421
7387
5908
8626
4794
1130
1188
2213
6725
6480
671
6898
7926
5907
5821
351
1740
8410
7262
6377
9312
5242
5073
6841
2999
334
8851
4086
5355
4733
4036
4763
7900
1383
8256
1739
3331
223
9692
82
1208
5903
800
8094
8789
841
1972
7854
3658
7818
2494
1786
7506
8500
7835
2307
2342
8220
5547
2491
2160
1904
4978
9544
9203
685
5820
261
2473
401
5185
1354
3453
3676
986
414
9002
7244
7923
5034
1027
4665
641
1679
5941
1646
3573
7083
1978
6266
2657
5896
8015
7462
7371
2293
2409
1319
9792
1577
6563
9590
5915
9477
6843
606
3158
6265
157
7461
7599
2762
9424
6575
2559
2755
9952
2400
1160
7657
7243
1569
2621
7939
6353
4389
1078
3306
3125
9739
9619
7230
9161
2534
4769
2905
4825
76
4731
520
4134
3420
7875
2454
2791
9908
9057
1403
1323
2530
267
8294
2466
9961
6134
1959
892
1862
1675
7888
865
2211
8542
2924
275
1867
4811
4480
913
367
9682
513
5422
473
1957
6071
3441
2528
5807
945
3822
5531
9047
9337
341
3241
4916
8217
9033
336
8308
1886
5204
5429
3592
6827
9129
8108
978
9281
9754
6799
242
9438
1563
5252
8765
1652
8214
5498
5664
1628
2129
6181
1987
6138
4701
251
1713
6675
1856
9229
8598
2764
8550
3130
4522
1268
9699
1360
2846
1237
6060
8964
2436
5719
8246
3348
3556
7782
2319
9692
3580
5093
5676
9910
2056
5666
3907
3029
3059
8684
5194
6467
9276
2994
607
7785
3180
5502
1337
6848
166
9283
4607
6886
7776
1939
3144
7171
4530
819
1026
9180
9997
978
343
4503
254
2664
1917
5120
3746
8060
1325
1708
1708
8361
7751
5068
1365
8482
6451
4916
99
3971
8539
4860
4333
7610
3143
4247
1758
5973
5209
6771
6376
4781
3994
5632
1596
6884
5525
1572
9591
2780
1747
3118
7438
5192
886
457
7437
3319
5594
3796
6140
861
1064
8688
8436
1940
4349
9993
5489
6228
1338
9544
5208
9998
5406
8552
7434
5231
7121
6168
4665
515
4402
7825
2651
5896
980
7097
3549
2821
1300
4071
266
8826
990
136
4668
8297
9312
9408
7842
7878
5951
3317
3
5980
873
9177
3761
1312
1931
1430
2369
3097
3684
7007
8171
656
2905
7940
4573
3956
5322
8678
789
49
2725
2476
4174
9746
9802
5382
8346
533
1183
9872
833
79
4836
233
6745
5887
778
1380
6055
2055
1503
2494
2229
1272
8829
1906
4708
6157
5861
8442
8964
27
5205
7718
9122
3511
4034
8689
3936
7112
2002
2498
4955
1039
9256
641
9961
6421
9013
3243
1170
3076
7917
5704
4930
6248
985
9418
875
247
331
9305
5151
4798
1271
9373
4398
9278
2207
6923
3421
8312
671
5987
7257
7301
9771
3369
3322
7529
5894
6819
3115
4312
4965
1475
9321
1241
2739
4102
2090
9514
8134
9563
9887
948
1057
9688
4221
8129
971
1098
5785
8140
6128
3867
2578
8696
1239
2041
7988
3299
740
9572
9385
5307
6671
1464
323
1378
7524
9388
4552
8639
6812
2634
8348
3909
3069
9648
1061
839
6189
9046
1883
6684
1836
8402
6783
7520
7731
9864
5918
6667
167
3238
7429
5302
739
2446
263
8939
1605
9141
9325
1996
6967
9820
349
1352
337
8973
5647
7881
173
9257
5516
1808
1323
3359
2295
2997
2534
7935
2016
3882
7463
1056
4023
3232
6857
1855
574
141
1309
1497
4658
3660
4574
2011
8651
9796
9799
1655
5266
1118
7219
9801
9587
225
9253
1243
2563
4048
8154
5239
1363
1735
4908
2235
4198
9426
1161
1169
1167
1119
6867
6095
895
1860
361
5213
2350
9076
2917
7653
2695
2110
5303
9408
4409
8118
3123
526
3754
8217
8006
342
8143
4795
8687
7487
1242
9443
6235
829
1060
7481
7505
5777
3867
1758
4272
6090
3485
6797
2293
5665
7269
4881
7153
3620
469
8824
7723
6720
1365
8278
3026
9700
1179
6477
2278
9028
2236
4699
6647
5323
8370
3684
9118
421
3199
977
2699
892
5968
3881
590
8657
1045
2080
6410
4174
4592
7918
6214
8537
9148
1169
598
2123
2240
7973
7530
2273
5284
7378
6181
4259
2467
1959
4897
3108
6770
8534
1250
986
8352
4559
536
5566
8175
8818
1464
4085
2081
4288
7356
8960
9110
753
1786
1537
7734
6555
3587
2448
9513
5521
2302
7901
3519
3386
8100
3958
717
372
1981
2859
2133
6376
3227
4064
9994
7136
7156
2563
1810
2902
4438
6942
9820
7823
9638
4223
403
7272
7962
7975
2308
9631
4456
6096
7405
1285
3118
6291
3271
2131
8932
888
7910
7419
9822
6094
2702
3232
4775
2862
1128
2041
4650
5708
5333
2865
6418
9885
4242
1251
997
6015
7613
7140
1309
6581
1878
593
4407
2162
9849
6379
9823
6265
6460
6320
9852
9570
2452
3004
7591
4431
957
2224
9714
1679
730
3297
3607
5043
6809
7396
5870
5232
2090
2409
5203
6676
4866
4021
6487
3436
5195
5381
4358
3606
430
5024
138
1138
4724
2044
2558
766
7929
5587
2484
8322
418
7927
6363
1337
5841
692
5820
3026
8966
6725
3236
7125
3400
7594
2246
9642
2308
2792
1458
7110
2645
1553
3105
4487
7717
4566
8610
8787
7779
7579
3114
2300
8758
794
4599
5526
9249
6666
2454
1068
2487
5536
8950
5488
4688
5110
7405
4578
7981
4732
3721
8866
569
1709
9545
969
8960
2788
3901
2229
6420
5886
123
4548
3902
4562
9140
2260
1282
6926
214
6999
5158
6755
6803
4444
3348
1988
7746
6316
7261
8714
8500
547
3537
4604
4778
1744
1469
7549
3030
8254
7172
9815
2095
4739
3329
9895
5560
1305
1899
5320
6371
4427
3274
5221
1538
99
5865
8649
1886
3362
3453
7481
9596
4479
1061
2661
5261
6707
2051
2154
9812
836
2458
9211
445
8513
1703
6082
5885
9245
165
81
8261
4000
1388
7166
1578
9835
6138
6063
2346
4026
6420
2401
1719
2574
2830
6080
4744
6188
3002
4066
4513
9072
4878
8932
2191
3014
8553
2106
1353
6090
2551
4448
1588
2334
7843
1287
9029
7228
8236
4045
7868
9821
1515
75
2639
7402
2100
3909
5348
3089
3179
7677
9380
5482
4441
8217
9948
2425
3359
3879
6886
4199
8474
2206
9352
4781
2008
438
746
2672
2570
187
6637
3763
3418
8494
2731
8345
606
205
2026
747
5230
9844
3109
6633
3027
5779
860
8596
2160
4241
2155
5515
918
5986
8457
8196
5970
7174
33
7214
5258
5394
1366
4836
9528
2578
5427
8213
1957
639
9792
6769
1754
6045
844
9751
5459
1945
8743
413
9253
5729
6047
2639
1346
6196
7567
8172
6682
972
6642
4253
4292
3881
3134
1832
8270
2480
9534
3860
8865
3123
2032
4733
7448
6995
9713
4410
2898
4819
1942
5501
2726
5039
5596
3291
4791
3788
3714
1805
1048
8242
2309
9542
5073
408
316
8438
4627
1439
1382
1102
6985
4417
6657
2485
2495
7563
3292
5307
2215
8585
8863
220
8922
8561
889
4775
4764
8563
2298
2159
9763
2319
2451
6721
2105
279
6890
3687
1840
3463
978
4269
2149
1826
8251
6611
5336
4015
4373
5026
6619
2436
1819
2434
5209
4081
4622
2282
8346
2560
3247
3802
7316
7931
7234
4550
8371
2111
7967
4275
1404
3952
314
6648
3758
430
3157
6893
3739
614
4965
8502
2262
1643
418
5974
5516
7382
2547
6126
1096
2204
7626
5573
6450
575
507
1372
424
3368
419
1170
1376
5235
7830
5574
6924
4155
8857
155
8191
3016
3522
257
9935
7558
9869
6177
6491
104
1328
8969
2143
6157
3793
6745
934
8834
8103
6189
527
3752
9486
6844
5299
9335
8414
1808
1398
7475
126
4727
5740
1038
485
8233
2302
9310
2674
2651
1341
9120
6845
1364
6326
9165
5710
6398
8327
6524
9532
7583
7281
1817
8776
2505
510
9669
1707
158
6037
2637
7340
9368
8923
9727
7207
7191
4973
9338
5243
2668
8763
2693
1427
6215
7591
6516
2935
4044
1678
1622
3523
4795
4998
1122
6425
5328
2601
2115
5491
4392
8176
738
9243
7109
9604
2755
9790
5315
5425
626
8510
8844
4013
1552
9384
1545
2823
9576
7862
6235
7827
1799
3557
9417
7093
6844
1705
3994
3723
9483
7839
9557
5952
7880
1876
5255
9598
6259
3556
7605
3013
9471
1781
1459
3369
7815
4245
500
8016
7491
177
5490
7405
1655
4025
2625
4390
1933
1184
1455
1517
1509
4968
4126
8749
6249
6877
7078
50
534
272
6949
30
8248
1655
7832
8602
8837
3219
8574
9338
5484
6242
3066
9300
9951
1302
3482
7890
7119
2566
6631
7414
2088
612
3388
6750
4109
8719
1817
360
8340
8153
1354
3415
1573
1404
8484
8038
7823
8264
1920
7596
3788
1408
1724
657
2374
982
1709
7697
4746
5316
4409
1103
4812
6653
8821
1387
4731
4706
218
3719
3830
7401
1181
4742
1215
524
8207
5494
8751
2254
3506
8239
7018
2163
5726
5180
9844
2336
6610
4090
9396
2800
6719
6063
201
5257
3185
4893
7467
511
63
6039
851
1895
4678
7459
2876
5182
529
1345
8683
2811
6956
4123
9262
5059
5304
2061
6370
2156
7073
1990
4503
8452
1455
6799
8471
6738
2666
7980
2213
6332
2337
2561
7411
267
5213
7959
2183
8844
7713
4224
5454
4009
8245
5511
3457
7784
2196
7050
9495
2610
5410
3724
4043
5766
2482
6071
1231
6158
8566
463
2178
6275
3992
6781
6750
7597
2969
4506
4229
7805
3529
3786
2749
6367
1238
4539
3081
2554
9640
1390
9851
8922
3516
9029
2534
9376
3472
7662
2553
5031
9007
9567
3881
6202
9020
450
733
9877
4324
2771
2960
9498
7711
712
6722
9621
6616
752
7696
4417
4077
2879
534
4460
1177
3977
578
1208
5760
9148
667
1316
8299
9924
4386
8651
149
1881
919
3387
2468
3067
2863
3113
7036
3937
3220
5490
5713
6638
4638
2325
1755
2037
9873
4576
527
5887
6551
6024
492
9131
3503
4957
2034
8037
1302
5149
3306
7641
8565
5319
8482
5882
8970
8979
8712
8958
9484
2144
7753
8252
1786
9758
9354
8714
6515
1070
1591
2880
2139
6951
9242
1696
380
2346
4766
586
8315
3895
1460
9787
1853
2081
5798
8038
9626
256
4218
6759
5217
1430
8778
4595
3100
3029
5058
1011
2645
7726
1209
1555
2344
4412
3395
262
8619
6323
5094
1660
6892
387
3547
9703
362
2066
5736
4842
6486
2937
6540
4883
1515
2716
2714
2075
5852
6816
4090
5291
9069
2009
6876
2081
5477
9969
7535
963
1395
4480
9505
4451
7342
184
7
4260
6129
112
1967
5164
1751
5844
7396
6362
1938
3514
1378
1738
2323
8632
2107
1703
757
6133
3978
5873
395
9709
4981
9263
4348
5321
9608
5094
2219
9982
16
6890
892
4740
517
6357
8163
634
4475
8022
4207
8857
8938
3739
9176
3286
9037
8658
677
5995
7481
5148
6497
856
559
579
46
2102
2131
1598
5690
3773
1485
3747
5010
1991
8064
9340
7316
1796
9737
4941
5737
4687
1914
6708
9779
9488
3544
1122
419
3940
7474
5065
6495
698
3363
2423
754
1760
6154
6610
2468
1149
6599
308
4075
8815
873
745
8578
9417
1110
1527
8105
4469
1946
5614
4653
480
5796
6783
1273
9830
1933
961
9181
6587
5690
5026
127
3213
1412
2955
2271
4534
7974
7544
608
4150
5863
6310
9091
6416
793
9373
2581
2580
8561
5600
3789
7869
1928
2658
1455
1675
5649
4508
8356
9780
1340
5181
4285
9062
1690
8097
3670
4721
8034
7444
5752
6147
6772
1945
4849
8547
4188
2166
7367
9842
6409
3683
1563
559
9582
1251
8875
2234
9608
321
6667
523
5617
7935
741
6660
9733
1371
5774
7028
2403
8563
5883
6637
7990
8202
5155
7161
3733
1851
7591
4600
9720
9822
1824
1357
7900
6089
71
7946
8840
7657
4539
5737
2561
9361
2238
9805
9563
7825
3777
5144
8209
2171
4305
2206
3494
274
1554
906
7837
8628
2539
8879
3382
314
2802
4833
1995
4493
2346
5
1802
411
8474
6871
2179
6554
144
3211
5860
6076
5110
8358
1315
3332
5715
3117
7916
3529
2741
2333
876
3720
1197
1150
1869
9934
4972
6690
1250
2038
6093
3282
3766
7120
2754
3739
1520
7635
1060
4644
1194
452
1589
6020
4626
6439
40
1618
8240
5206
1348
8524
7033
4912
2245
9100
4772
4259
7651
5464
8251
8093
9703
1865
660
3727
7739
8991
832
1748
209
4482
4947
7152
7271
315
8710
3068
8601
869
3802
7185
2695
9390
8158
2707
8521
9635
2338
7345
705
9755
5388
281
5728
9058
763
6353
4331
5337
1867
1828
815
6156
7161
4249
2291
9028
1175
4122
9645
7086
9057
1524
3271
5980
3137
6938
9795
1642
1632
5119
1773
995
2718
20
8112
7381
7477
222
1212
1091
649
6299
1959
8474
2994
5527
97
5542
5596
1530
3884
9093
9118
4916
2251
9404
9595
156
2762
7689
374
8150
4575
1752
105
6979
8800
3034
6552
733
1446
163
6401
7379
5184
7764
7190
3873
4682
536
2591
2707
654
466
3145
8700
2748
8071
3892
1474
6583
9560
8636
1645
8912
1891
613
9088
5591
9737
1629
7926
4799
3763
9852
8305
1730
4033
2383
9583
3348
292
3206
4398
7292
9533
6490
1618
2257
1525
3891
1028
9041
8254
8841
989
6823
1338
