9170
7415
6758
1440
192
396
1345
2904
7342
8649
9031
271
2209
6735
7030
1308
266
8268
8472
2177
2587
9721
8458
3766
7882
344
3968
1200
4324
2685
6360
6376
2564
2970
4972
9321
1540
2447
7628
1466
179
7857
1179
9117
8743
6618
41
3254
4165
7026
9073
1360
3567
4141
627
8461
7549
7205
5333
1405
9759
9706
7509
3553
9682
8102
1571
8367
8737
8021
8605
9081
3678
7765
2090
6314
1841
1963
7819
656
7952
119
3423
560
7312
5656
870
1478
1403
6371
4745
9820
3506
1888
7351
429
8052
7349
7299
699
8528
1687
7068
5566
9352
3102
5773
6957
8871
553
8598
1474
1476
9586
1450
7113
5543
4531
2124
1577
2427
9225
9011
8678
9828
7399
9573
4758
5379
1326
4035
6099
3144
9404
2257
8624
7816
1907
7370
416
992
2636
2593
483
4760
6315
6987
8786
1003
7957
2699
7101
7174
4927
3309
1715
1246
8568
8151
6642
4007
1194
2029
4159
5843
9597
5397
2777
7095
4460
6554
2025
388
5388
9237
5884
5237
4507
5624
5924
7461
54
1196
9820
2371
8717
110
3099
6840
1882
7974
4074
919
1424
520
4905
902
2080
4158
5967
8157
8194
4134
3089
1965
2914
1640
2693
2211
8905
6859
9303
9708
7406
9896
8316
7691
6380
254
9573
3945
1830
3144
7398
3276
4264
8188
2632
3627
1903
2662
5723
8305
2780
8212
1952
5489
6245
7667
9350
5161
2029
1946
3971
6329
2454
4757
9062
9141
9779
4645
5546
5385
5986
9750
4846
7341
8042
2705
3139
3114
2738
9779
1925
7788
1202
5262
2926
680
3342
1630
1111
2671
8016
8815
3712
4163
2869
9261
3650
138
3019
2555
5235
6081
2696
7560
1465
2323
4399
8416
8195
6714
719
2527
7877
1493
2525
1819
9058
8283
9091
8754
1119
6270
3241
9920
1045
1076
6019
566
3255
7042
4586
553
3285
905
3392
1095
8497
6534
2750
4191
1072
36
1680
976
3698
3413
6356
7250
7669
8369
5310
4549
7639
9358
2928
551
9996
3185
7896
9514
2479
5316
5211
3573
4155
1288
272
5785
3996
8461
1360
4503
6545
5248
7309
7808
7398
3251
79
9293
9280
6499
3511
8208
1287
2743
78
7131
555
3172
9725
7232
5504
7833
4467
3848
2732
6919
4162
1816
1139
4000
731
9424
2592
5
60
3222
9335
2584
7159
5747
1449
6489
9364
2604
567
7407
6537
3380
9755
1973
4122
224
8867
2104
2476
7515
8175
4046
5582
3050
8222
3689
5753
6323
6995
1291
8247
6634
4990
396
4371
4476
2168
5946
5471
2592
6335
673
9164
5850
2291
8779
3397
5281
9760
8586
7133
2468
1149
4404
1978
5337
1428
9933
786
6470
5203
3275
8181
1140
499
4774
1803
4480
6471
9039
6896
5011
7334
35
892
6693
5437
9343
6792
7341
4959
6838
2414
4973
2750
3521
7728
972
9295
2551
4572
5667
2472
4989
4799
1820
8813
6751
4551
2055
892
9887
7325
3151
9126
5933
2435
3661
9663
4905
474
6091
6359
1061
8376
9660
9418
2414
6904
4234
5477
4300
865
5312
26
8184
2732
202
774
4766
6560
6329
2401
9171
8448
3979
3461
5144
6120
1802
1410
3264
308
435
6514
5631
82
5691
9721
1427
7736
317
5983
7047
3961
2407
7825
1173
3540
7030
5108
6364
2317
7566
2236
1362
7808
6447
6140
4620
3748
68
9694
7708
6316
190
4790
2331
8676
592
7570
3623
8154
1932
7477
7294
7002
4015
4564
4987
1247
2264
7360
2032
9623
3326
8677
9189
5414
1491
3619
8720
1501
6403
5659
5318
5453
5458
1212
4817
5846
7493
4542
1395
7477
2703
670
4489
8142
2799
3212
9987
8502
2312
3730
1363
4052
1234
7670
3636
3737
3727
7473
909
7805
5424
5793
1430
4364
1720
2619
1386
3825
6817
9253
2622
258
8238
5236
4417
4380
9793
2705
2021
7648
2798
2770
4125
7262
2816
2198
2246
1105
4219
1632
7595
9932
6273
9783
7939
3859
1976
2045
3278
3693
124
6287
3441
2439
3361
2125
1342
493
7788
3483
728
3493
1331
3687
7493
1453
4129
1212
5284
3846
1551
2374
2593
2928
6463
518
2230
4441
2907
9336
837
4304
734
1732
6547
2431
9344
8482
327
1800
712
1954
6772
5006
6429
9738
7747
2135
6830
7937
5109
6913
2451
6636
6055
691
6339
6230
2711
3542
5943
9462
1813
2292
1407
411
5662
7263
6675
2731
7685
5237
8093
1565
1842
2546
1366
7603
6880
8134
5405
1565
4034
7721
8399
938
1078
9357
9075
7279
4349
2755
3430
5277
1369
5904
3895
8654
2759
1969
2291
2256
3295
9980
6755
6197
3114
1705
5860
3546
3220
6050
2712
23
930
615
4555
9687
934
6676
7913
9369
7600
6135
9694
9221
4839
5629
1086
1523
840
7436
7878
1256
9982
8518
1890
6771
9859
5004
8849
1719
806
1329
1670
2745
8462
4097
3600
2413
2462
5410
7228
3099
6713
1898
5513
4392
1127
3569
5932
51
3929
2552
3269
9053
5210
2186
5986
172
8534
3586
5715
8626
7247
4429
5262
665
2014
9137
3588
5458
983
7167
5923
4415
1424
2421
3645
3469
387
9606
6985
2310
7073
7598
8585
85
1082
4561
2668
4795
7691
6595
3828
8658
8631
1886
2074
3456
3529
5327
2865
4127
920
8561
1272
4155
796
2543
6068
9787
6336
1396
5630
9571
9113
9781
4856
3913
4342
3601
5622
7767
1369
1800
1467
8560
7381
778
1825
9526
8743
7489
3453
5004
1338
5058
6146
2968
9382
4032
5669
3499
2873
8209
8849
4611
4376
6005
9564
5217
1912
9508
8601
7719
7400
9432
7200
7428
8865
7035
3227
3251
6113
1841
1058
5328
1476
9897
713
7469
5525
48
88
5413
4067
4327
924
1711
983
4567
7708
3796
5349
8562
3726
9252
1873
3883
7739
5014
324
6056
8896
8815
655
9831
8902
7461
2447
9631
6277
3012
3058
8984
3413
1457
3097
7342
7269
3885
3614
1762
2431
4572
856
7585
5947
8470
1900
2009
1780
654
6406
7626
4280
8065
8409
1529
1123
8881
1075
1355
8670
6451
5140
623
1716
4374
3313
924
7830
2885
6900
9742
1631
2047
9270
6715
282
2981
8384
9291
4467
8803
6398
3767
4891
9890
3669
9473
6608
6653
4983
1013
4860
6147
7652
1678
4749
3101
2707
3755
6453
1969
2034
3124
2419
1382
8842
9400
7346
9128
486
3672
8464
1806
6997
890
9073
1914
1758
7590
5157
1265
7508
2325
1879
3660
3034
1324
1480
3390
3912
6131
1516
360
399911
6218
5587
89
2458
2398
586
1993
1157
2793
1811
7127
9538
210422
770
497
1786
5041
1322
7253
9393
402033
6824
4822
1981
129
93
8881
2504
586
9762
155344
3268
7499
1143
7995555
5950
7479
1820
5390
160666
5685
7300
904677
2766
7675
2295
3503
3889
237788
8871
2577
487
9209
7925
973799
8982
8357
7988
2798
76261010
1274
766
7781
6872
9596
3847
1266
1487
5258
4623
4640
1297
1076
9707
5267
65
7338
4950
7531
3692
7078
2484
4780
813
8780
711
6172
6780
5969
9014
1789
4135
7354
4170
7244
7332
4839
2139
1592
1413
9664
2011
3799
6253
7390
4721
5845
4994
5213
2248
2383
6147
9088
1593
9295
5036
1398
9079
1704
6376
4316
1769
9317
8758
1299
7981
2413
8191
8019
8139
7002
2711
9632
3224
8426
3522
4444
12
422
7449
4893
3926
433
6157
9744
4846
3906
5228
1806
1451
2646
5329
7214
231
9503
8400
4428
271
4498
2322
5320
8719
3376
2542
2946
4174
2819
5641
4517
8006
4828
3040
4353
3622
4490
723
2845
4571
4285
8100
8060
2925
1275
2224
5408
4198
3283
9069
301
1944
673
9781
7087
2735
3410
9937
7934
837
8
1706
4049
6501
6176
6476
3809
7810
6097
2333
3584
2313
8456
5004
8761
355
8610
1133
1033
6080
5017
9716
8558
2273
2387
5487
1663
4420
7687
1337
3469
6485
1762
9069
9177
819
2233
5416
2326
257
3840
4498
6847
1598
6794
7469
3052
1735
9938
9919
8689
3035
1417
8397
7688
592
9824
7081
481
1060
1913
5054
1734
8294
4121
3336
2964
2726
1425
6617
9511
3098
2269
1754
9988
5171
7564
8895
8925
9584
6514
7470
2673
6977
8778
6113
5650
6302
9136
3226
5739
857
6910
2343
5458
5201
6325
6678
2634
3208
6222
7018
2748
4071
1905
2430
6215
6689
4150
89
3845
326
3867
6468
3136
5193
4054
2968
4789
7171
746
6379
8263
1225
5855
3564
679
44
1885
6749
2339
9696
9753
5425
8269
8207
7540
342
6734
4558
5056
9268
2427
448
725
5078
3766
5258
3779
2009
2455
3800
1048
19
8573
3262
9812
2022
2287
2960
5819
533
1464
1606
7498
822
83
6138
2702
3097
4147
3636
8370
3752
1527
3736
2856
5263
1340
5662
7914
5389
2082
9619
704
5883
4115
8350
9428
2893
1874
9686
6341
2199
5249
9266
2825
9603
5509
6864
2423
2096
750
762
67
9340
1313
5109
9227
5
5096
6876
7698
8204
2110
894
9115
9499
2035
6019
6009
5992
8182
6020
5940
3547
4164
523
1454
7261
5180
3913
4934
4226
2997
3687
4013
5400
8034
9551
311
6080
1205
5820
3333
1884
5361
6719
8881
4650
868
548
3209
8544
4965
8900
5839
792
2843
6908
4224
9470
271
1949
5508
168
9810
4917
6422
4245
8481
4879
8085
2985
8296
1398
9065
3576
4133
9024
2409
8913
1615
7129
7037
5181
2055
2556
6000
5015
2845
6394
7096
6542
5270
2932
5385
7161
8732
3403
5863
2827
9991
4507
6027
2312
859
6194
7031
2294
9570
8103
9773
8119
9435
5705
1389
5174
1522
4054
653
15
5426
1710
8383
8965
7977
9958
4541
9630
5308
81
6024
2737
442
4684
817
2836
1381
4777
7255
4463
6126
4318
3619
1893
9184
5438
5280
2435
2592
6057
4464
3385
6003
2032
1514
6330
3969
652
9992
6863
3705
4031
8480
208
6565
1722
641
8197
3742
8161
2113
5610
8803
8092
7028
5346
2647
9167
7312
1053
6728
6829
9135
973
9687
7448
580
8405
4901
6540
6417
867
555
4621
9929
1648
2861
302
721
4757
1519
9347
3565
9744
376
8217
7352
2919
5766
8948
6739
6988
1475
1930
7874
2418
2983
5567
9252
2367
5741
911
5538
7443
3882
2131
3881
8104
4380
7934
9483
9897
2447
2248
9762
1672
5238
6317
679
1771
6951
1590
5170
839
9384
8056
4323
8384
393
7675
3553
4496
9234
5422
577
646
4175
1593
41
2496
2249
2196
1317
7564
1190
5526
2905
7451
20
6848
9064
5623
3234
2043
6565
3383
7391
9199
1928
561
5047
9813
7396
6783
1435
96
727
1093
8849
8951
2161
689
8140
6262
424
7188
7645
7062
5850
9472
202
4330
1605
9219
9646
5548
5540
35
4672
4951
7339
8890
7001
6166
9813
7557
7248
5020
6683
4887
9481
2134
4648
7651
4270
6142
1435
9225
7563
1185
3805
7536
1808
4419
596
22
7075
2721
3526
852
6484
504
8706
4342
8773
5669
4956
8089
1050
7580
5111
1925
7341
8284
9800
8525
8934
674
6024
7924
1928
5902
7098
6083
1407
7299
9838
7593
4409
4467
2613
6066
1394
8346
2918
4442
7045
9241
9328
1524
1600
6294
6945
3126
7863
3762
3959
3096
8204
7068
9061
8557
5885
3972
8408
2496
6110
1522
1866
6979
1929
2600
7239
2244
8515
2101
1134
9441
2657
8716
4554
1181
2666
2516
1858
7667
8943
1377
6894
5787
1464
7059
9691
4651
4273
7373
1072
3264
4645
8473
6258
1485
6842
8154
6965
1666
4733
2690
7716
8913
1679
5141
147
9485
4097
7661
5490
8516
9867
3152
725
1199
1411
3519
3026
3527
3324
8992
5242
2282
5213
5134
252
3742
3284
4143
9239
1253
1323
9399
1294
5154
1577
7084
2433
9036
6284
8745
7753
6896
9621
326
2691
3035
6820
2152
8450
760
1735
9237
4494
8087
7629
8555
897
6335
7856
2801
8324
7029
6258
1582
6469
9789
6742
8488
3932
2609
163
2848
7295
7824
6885
7821
2386
7944
1476
3190
1314
2951
2361
2196
9220
9390
9485
8614
1209
1176
5781
7271
9142
7961
1900
1421
2113
7162
1263
819
3982
9316
9982
8186
1499
4571
1729
8076
56
4446
2474
3537
5708
492
522
8405
468
9544
1686
793
172
8432
7515
5448
1731
4890
8383
6702
5834
8176
619
1988
7037
3983
6070
7503
6486
4202
9459
1674
9998
5700
2990
1857
2758
2030
2930
384
8869
3773
5679
3402
1042
9295
7674
4446
8484
8832
6390
8039
8440
1992
1058
6356
2675
7767
3762
1911
9880
4805
1234
3953
2700
7811
6744
718
4025
5
3226
9869
2944
7476
1760
355
8578
5983
2267
5056
4145
2674
2678
1650
7778
1562
9148
265
1126
7543
4475
5355
809
2723
8983
2232
2698
3218
769
7216
8109
5114
7513
2276
6333
693
9698
8395
742
1733
8069
54
6881
6712
9017
1046
433
5324
9458
3740
3903
9285
5703
4609
1601
2556
489
9207
720
74
9872
6816
6809
6309
3288
7773
5028
874
6412
1562
9764
8044
2177
8664
8910
5883
1559
875
1725
1049
715
8789
4245
3609
9952
2050
8855
8233
8768
630
4309
2866
4941
7812
6199
1869
509
7441
140
7336
8294
2263
6612
202
5222
9326
5870
5299
3158
312
174
9223
8575
3868
3906
6844
5806
119
676
9170
5460
3165
8898
9027
177
8565
1085
2795
3298
7110
671
9578
585
1276
992
7287
3692
2464
218
1943
3824
5207
9644
4127
5623
6650
3596
1654
2391
4086
1137
5806
206
9924
9503
628
4787
5804
5012
6646
2703
1829
7971
1734
1835
1136
6879
3868
3771
6646
5066
7440
8572
399
6126
1064
4138
6789
5308
8110
2149
361
5811
2374
8501
8772
1796
1615
2364
9087
260
9239
9466
4791
2977
2580
1143
1051
8680
5537
1340
3497
5878
3589
195
1865
5421
1898
560
4855
7226
3693
832
7110
9013
8593
1073
1251
1033
8873
5970
5272
3380
4646
5725
2242
2817
5533
2610
1990
612
4445
1974
15
6005
6831
331
5643
2065
8447
1026
8934
7118
6058
4734
3639
3790
744
43
890
5893
5628
287
2350
6894
6266
8848
8576
8666
6953
4726
3287
91
1001
7106
7953
5617
8246
3934
8910
9330
1853
5831
5260
2335
1966
697
2083
7461
3363
5530
4898
1873
3584
5002
5608
2056
7452
7593
168
2358
9535
986
2647
6037
1100
8934
8280
8304
3553
3732
602
9224
1516
2199
4816
6423
8352
4408
177
547
2009
743
5233
9589
8012
5884
1472
1627
883
418
9841
8075
1688
8198
9534
8873
7199
5516
8410
7243
1416
5764
3559
2491
5093
2587
570
9740
6793
3796
187
608
3266
1352
4769
4777
7129
4780
893
7103
7496
2706
9637
5122
8155
3715
85
4993
2777
2908
2209
730
9604
6614
7918
1378
6799
5306
3633
7767
737
5636
5512
8404
7512
8263
1128
1061
6559
5778
3191
1484
9250
4002
3579
5155
9393
968
2194
2291
2339
5788
5524
7716
525
8946
9413
2406
9108
1132
5407
1104
9343
16
2384
6198
608
8235
5616
7184
1029
4582
518
9273
9130
6313
2139
486
2193
6701
7663
168
1412
8534
3418
1203
9530
5969
3846
2527
5513
537
2667
8238
5340
2033
7099
7760
2213
7725
4288
1476
5443
1905
626
8176
8375
5807
9469
5778
3524
9899
2818
3992
8246
5217
1869
4845
1076
4202
8151
197
7768
8154
5245
7243
9935
8397
1553
5592
3004
8420
4111
7383
2114
7306
8563
7399
4786
2812
4473
2513
529
3929
2357
634
5950
4070
7140
187
9795
7941
3794
3679
1417
5542
8349
6845
673
830
3242
935
7456
7864
6807
9010
5226
8122
513
3191
1651
2889
9735
1129
9458
7167
1039
1240
7590
252
3639
8357
7726
7562
606
8903
3028
1190
1940
2589
8041
4364
9727
3765
5527
6066
7775
45
9138
2232
9957
2232
6049
2989
2591
3347
6732
1302
1991
152
2790
8619
7758
5602
6013
3986
4019
6067
192
3281
5192
6211
1632
110
1398
8330
969
5497
4399
9295
83
6364
3205
2705
6085
6993
1290
4310
649
1333
8407
451
2198
955
5105
3292
5977
4213
6760
6876
1525
4159
962
727
1213
9724
7016
4845
1328
4485
511
3458
4469
2254
474
9836
886
8475
6062
1516
2449
5572
6310
2257
1948
437
504
3449
9114
249
9927
9002
3900
5864
9626
2576
1193
2638
2638
5031
4097
9358
1927
1580
574
487
973
6511
7837
5174
9124
2043
2475
2875
7324
6122
4739
1008
7995
2146
3255
2952
1911
1620
7981
7365
9705
551
3388
4365
9918
6576
4406
5069
2608
2294
4089
9422
5044
8195
5345
4519
3605
6397
8480
2643
3137
2405
1521
6933
2530
6111
1945
3721
5008
5412
2687
4557
1701
1332
7021
3728
6114
1440
1799
9033
9568
424
876
7963
8633
784
1147
872
7383
4664
5624
7587
6573
4667
4271
475
6581
9960
7831
1733
6042
7024
3499
7496
8104
8415
421
95
1312
319
684
5594
5200
7609
3136
1095
4978
1677
162
8288
2020
2053
6474
3732
4984
7972
1524
8058
6301
5124
970
5010
205
7377
8616
5935
5080
5952
2091
3379
8434
2645
8188
3257
9416
611
1548
4345
8457
9780
9408
2215
3826
1659
5470
413
1322
3352
1768
5802
7056
3693
1594
9354
9986
591
5567
9321
783
3215
712
9571
3231
3817
2463
221
8577
1308
7593
9321
5205
2731
1386
5029
27
628
7230
7510
6908
8879
53
1220
3432
105
6270
3877
6239
7826
7367
1262
7044
1827
4068
2439
1518
6276
2686
1615
2721
9469
3998
2639
8029
9675
2394
7107
2598
7830
1007
5447
356
5825
752
7055
1995
3921
46
1002
5421
6209
8057
9527
3215
1301
7350
1831
3017
5662
7361
9493
3874
4446
9828
6996
4267
5724
6984
1913
7195
650
5164
729
8651
9733
2660
4675
7459
2589
4307
929
1285
1605
2701
7114
6791
7965
5926
8140
9207
4655
4943
73
3274
6247
1554
8400
9622
7494
3499
8141
8690
2664
6538
4867
8842
2116
6663
7913
2054
7604
613
2706
5949
1383
2922
8418
7254
1571
7037
2301
9936
9134
7681
4802
1379
1695
5825
3401
7094
5872
8540
1417
6706
7032
1076
3757
807
3222
4673
7528
4462
9424
7931
3158
1599
8877
5832
7524
8835
1455
5331
1331
652
3717
4382
985
2324
8271
8393
9097
819
2180
9731
4292
9013
9265
6592
2768
28
339
4091
1208
9810
5319
1566
2420
6017
4463
9569
9914
1142
4840
95
21
6867
58
9343
6693
4997
8575
7953
1431
2229
4776
8487
3479
899
5532
3846
6115
351
1187
6109
801
2442
4914
8070
1172
9821
4487
522
9067
6839
1303
8026
9243
9693
3014
5115
3086
9197
7559
2306
8587
1125
7989
4480
2616
8562
1586
5471
1326
4618
3293
5710
7852
8685
8489
7562
8943
9226
1259
7182
4320
6734
8308
459
7645
307
8945
6347
6557
2246
2527
2195
7598
7369
7651
1175
578
2955
1064
4275
938
5108
1850
599
3600
8549
8675
338
7499
7743
8596
5219
239
3620
2903
3371
2724
1019
5714
4871
3192
2375
1439
237
8807
890
1097
7524
2090
1478
2729
4937
9101
8629
1858
575
678
1257
3226
1335
7459
7254
7354
2401
2786
9503
2792
5682
4215
5902
7155
4614
7706
7032
4606
3687
7567
5520
8865
9038
7114
7979
2156
9546
7746
7589
4285
5391
6949
5249
2244
5665
9980
2470
6053
9217
385
2840
2494
5415
6238
2933
1370
2225
40
8418
1925
9978
844
9620
8529
9486
2537
5523
3880
4829
6574
7227
6067
1359
6133
8182
954
311
6768
3703
3021
9947
8386
1304
9955
8002
7922
150
2432
911
1532
9643
3948
8413
616
7148
3634
3660
3871
6388
3718
7691
4139
5617
1179
1350
9950
6926
2468
2434
5606
8561
9785
2662
3536
1781
2701
3516
6170
5659
5917
4905
3213
5804
6347
5705
4939
7666
6460
143
4629
2072
910
1372
2304
6431
9567
5420
1513
2034
2250
5529
4823
3020
2147
923
2272
377
613
2205
2270
3162
6137
3926
3043
1213
4378
8742
9643
797
3559
239
2482
517
4280
359
5174
3403
9909
5723
861
1578
3651
8805
521
5888
9105
7617
3499
6874
6994
3421
6983
1965
6139
4255
1447
3863
1184
747
6642
1764
4682
117
6494
1653
540
7172
8467
1406
9622
9896
498
9007
6841
3342
7655
8805
9468
5585
7514
3042
1966
2226
2684
4203
3245
7659
1936
9264
7798
657
1159
8625
3854
3129
962
9087
5985
5580
8449
7072
393
2141
7089
8055
5410
395
8950
3476
2475
9762
4309
2632
767
2791
2293
4843
741
5235
1558
3841
2068
6511
6195
2267
3835
9186
8805
5642
337
8455
9160
937
9880
9378
8689
6140
2535
324
448
2739
1640
5037
8034
3075
2062
3922
971
8919
652
8031
5986
467
2498
6526
829
1946
6121
1993
943
8896
7362
3308
719
834
7241
7855
8586
7124
6512
898
1500
6731
6441
5626
2539
1021
3027
7371
3797
7062
6506
9190
7819
2301
2712
790
4685
1446
3712
741
4152
4568
7021
5060
9326
193
374
9307
6997
6857
756
2829
4770
8421
631
1232
8599
9565
2566
1227
2555
8272
3334
4577
6585
5110
5918
2334
7932
2919
8344
1183
3209
3130
3321
6038
653
5280
3141
6494
2761
402
9341
3164
699
9143
9466
887
6687
3787
6399
6522
5109
8845
9370
3847
4277
4952
5979
3294
4048
6885
488
4558
8745
7038
3696
5979
7525
7957
9214
5969
5486
6502
385
1896
3038
299
5866
3577
8666
5215
9829
1695
940
677
2652
7681
4278
1562
6344
5983
2596
5624
2121
5899
9393
9660
2392
3723
2237
154
2699
2540
7869
3119
2665
889
1619
6120
8095
4843
8864
7361
4353
4291
6231
8496
8885
7783
9668
3892
8349
1817
8141
5320
1187
1262
2408
3580
7082
1053
8701
6630
1970
4806
605
2964
77
2182
6819
9205
2080
1256
5769
7417
5516
2029
1551
2631
3581
9648
456
110
5682
7923
4101
2221
9902
4958
7510
6134
9486
1626
8605
512
8605
2392
3014
2429
1636
9687
9557
9452
790
3174
7566
4560
2283
7270
5242
704
8219
1492
6344
7600
9918
534
4435
2639
9218
7860
1347
8338
4748
6505
6950
4994
3986
409
9648
1586
3176
1957
1297
2356
393
3677
6598
1644
441
2550
6194
4244
3017
860
8431
7426
4987
3289
879
8487
8822
6327
1960
7657
364
1395
9279
8867
2698
530
9220
795
9487
7720
2351
6245
6865
2406
2137
3510
3661
9508
9375
9308
6925
784
7506
2636
2703
7237
1250
43
7139
512
5388
6305
6181
4943
4449
987
828
2683
1833
5792
6642
3111
5272
7815
1078
25
5920
6983
6270
7193
295
4782
3168
855
6827
8262
1699
834
3907
4885
1329
1590
759
7412
9936
9366
4627
3042
3202
587
5592
2601
1369
3371
4227
8290
9247
989
1074
9797
6645
7596
2244
3460
938
8922
8273
248
1263
1639
3290
6187
2824
6226
738
1624
1717
2591
2525
7856
3378
3450
4455
5391
8284
3915
3929
2798
8021
9707
424
1674
6586
9045
7358
9892
931
8320
8956
6522
8570
7389
1616
7191
1792
412
8308
7735
6732
4419
4167
13
6421
9809
385
3080
8818
7568
4097
995
2784
2682
6488
1548
7477
2814
8315
7000
2578
8946
4613
6997
7614
5995
4412
2271
1600
8395
7221
2055
5309
2058
6122
769
8899
920
3963
3805
5061
9026
6067
8137
3192
4675
3180
7573
5821
2045
5573
535
1281
4488
3443
2495
3041
7242
518
3101
2657
9911
9854
4578
5663
4587
1037
3141
580
1830
8239
9383
1451
3160
6183
7849
7637
5933
4107
4348
3244
7290
8435
1848
9478
4121
3342
1362
1852
2785
2087
4184
4108
1258
1046
1743
2827
6799
6569
1279
1039
8612
420
844
4781
6714
6870
1049
3246
6033
2574
2920
2024
6510
3982
5125
5578
8045
6367
84
6167
7225
6277
8392
1062
2521
9797
4742
2489
9821
1988
9400
7518
1130
7410
3974
5267
6609
1095
4258
8653
39
6044
6323
8490
9537
2605
4613
6725
254
5965
2671
3226
7033
1867
8661
138
3743
2036
8446
5457
2190
8808
1785
7063
4735
7505
5468
7172
1637
5138
9597
8456
4038
1677
6804
2393
6378
5240
160
1566
5761
3584
6809
2620
6090
5406
759
9455
9826
6153
6945
4891
2617
157
3848
2691
1339
7002
1237
8186
7997
8592
9248
8760
7911
794
291
303
1681
8904
4446
4719
7841
2065
9404
9062
2916
6760
3286
3100
2858
9167
3542
6303
1687
4169
1071
3386
1111
8053
1947
43
9298
8824
997
4405
9793
4409
4696
2211
4736
8387
5751
606
788
1175
3807
5152
6206
3568
5978
9434
4256
3323
757
8628
160
2294
1764
2403
2475
5272
9173
3440
3788
9282
2690
7270
1613
469
9915
460
2236
4563
2419
8548
5458
7610
890
8610
3761
2319
331
17
9228
2263
7558
2083
667
4828
4305
4504
414
2973
6475
353
4354
3959
3313
6901
786
1075
3988
4211
5520
8848
1163
441
5428
7763
4133
6740
3556
4507
1745
6217
2933
6554
2130
5844
480
4305
5437
415
5401
6859
9397
8949
4060
158
9145
9880
1289
8029
2476
6048
562
3201
5989
8612
833
2184
2840
1966
976
3246
149
9834
9859
1996
9103
5903
9817
4879
7504
9601
4467
5099
1627
8678
5075
5727
9298
1528
5353
2826
4617
906
6282
5662
9274
2431
67
3892
1691
135
3276
6656
6605
6939
5520
3014
7862
603
763
2941
146
262
7365
7252
7141
7946
5279
4594
5716
8669
6235
8354
4404
8843
705
2047
3459
4464
2543
7292
7350
1144
5121
6167
2242
9573
913
3727
1472
8946
7281
6500
5835
406
5942
8110
827
9210
6119
8464
1479
1326
983
2734
3974
2265
6495
1485
6582
4320
4240
3722
8465
2777
8582
6525
5485
1280
6369
7951
9443
2282
3505
1339
947
2936
1999
1089
6789
5582
7524
9584
4195
6565
4900
9941
2981
8701
9259
9183
2285
4807
1083
6981
132
706
372
5786
1428
9876
2166
3663
3273
4316
3747
1018
850
3333
3896
2070
1115
2526
5757
1819
2608
4648
4315
1951
4763
3567
6478
5357
8734
237
1099
5029
3896
2955
4611
9780
9697
6377
7912
5766
3672
9408
1424
3481
4816
7510
3784
3860
6342
625
7259
8504
7222
2880
6579
2133
4638
4631
7503
1840
8003
3657
5030
2755
3283
2667
58
421
2747
3302
1472
1628
5034
1501
4592
6145
2181
8416
9304
6195
1452
5585
5878
4591
7981
4533
7301
782
1608
4780
7399
5471
9459
2389
180
4742
5502
5339
114
165
8634
4677
1734
4474
6501
9661
4250
8041
5113
9438
9119
204
7415
8228
7333
5576
3821
8847
1416
658
6655
9256
7565
3634
837
9719
2110
6966
2514
4355
2818
4778
1013
492
1377
1063
8131
8070
6038
441
1380
3767
5686
5014
1645
8963
4752
7500
4815
9333
3813
8682
9981
1185
2346
5329
4403
7672
4636
7868
7189
8219
1923
3342
6374
7780
5802
8475
7499
6033
4702
9002
8815
562
2484
5609
8008
1622
1440
6946
3865
8240
1476
3165
5465
8816
7958
1797
6324
9775
901
47
7153
7787
4749
5480
8500
6772
2504
1791
3093
742
7928
8851
848
4952
1250
4974
2350
6852
9805
6578
6708
6553
1340
7651
1739
2749
8024
3125
64
1062
4002
8567
6477
6267
1559
1361
5079
6438
8932
3018
2617
6205
5276
9501
6513
3569
4744
4716
9737
3191
9662
6837
9145
6757
9670
9844
8347
5935
809
7178
1919
2531
9130
9885
5680
290
4489
4464
5559
16
1862
5556
8527
9853
6483
2702
2136
85
2285
8907
6144
9829
3772
4242
5343
79
985
7145
2353
4752
1984
5131
9321
3920
1430
7384
4500
537
8620
1581
3292
6715
6325
2501
4191
8704
3156
9056
2415
3068
8682
3012
7835
7239
1231
8625
2301
9246
8062
8345
8965
9622
1862
4240
1462
2003
8141
6912
7424
1112
5368
2816
1694
15
8377
9414
7729
2124
4312
6938
7645
6429
9766
7726
9217
2085
1310
4827
4317
185
7468
1933
3679
1626
8162
6769
8671
3988
6456
8477
4316
2935
1860
8818
1478
9364
9563
7710
8173
2906
6375
805
2649
4513
5162
5137
6684
614
3457
9303
9590
5865
9564
1627
135
9732
6013
6599
1338
6893
2895
6248
8096
349
1561
778
1722
2946
3523
6806
9307
658
408
120
3389
3168
9981
4261
8611
6964
6225
749
8080
7990
7429
1469
3958
9724
2414
9849
992
5397
2233
6856
9828
4516
878
432
2643
448
3848
7508
1364
2875
2116
8731
8656
6978
8664
6579
4286
7621
5574
2245
3650
1464
704
1803
9986
5273
1774
8719
922
3987
7503
3862
9792
7250
860
1133
682
5831
3459
322
1022
2174
1842
2727
7306
2031
8370
2194
518
1426
4871
3576
230
8231
2821
3292
2276
5172
5909
1490
5550
3120
5528
2217
3020
9952
7195
1240
1717
3487
763
2680
9714
756
2875
1506
3795
5919
2820
9211
2257
5107
4893
1677
9043
6202
9931
7368
4101
6101
1274
6985
9366
1988
6925
9337
992
1910
210
9657
6158
4848
5193
8940
9785
4243
7607
551
5411
2201
6758
4356
4744
512
1055
5725
2449
7563
7515
1319
9643
4324
8966
9036
2456
8519
5029
9566
6101
4763
410
8601
2779
4546
2741
7624
5561
5076
8605
3115
5042
5942
7647
4055
8595
1840
646
975
105
4928
6540
434
608
3993
256
3092
7742
4912
9737
1409
8257
809
170
9135
7654
7020
2118
9716
588
3582
309
8536
5640
8174
5048
1660
4715
3949
3898
8763
5569
721
8999
5855
5147
1612
8289
2376
975
9336
4736
297
1053
9158
6506
4563
5222
4376
1365
7590
4857
7979
4568
6693
2990
6969
4008
217
4918
5741
146
2665
4162
568
675
6729
5091
8804
3616
656
3506
1464
6436
6894
66
6811
2148
9806
5523
5756
4009
6088
7576
3297
3406
778
1242
6366
600
9704
3006
9545
4438
5106
9572
1596
8377
821
4258
2314
4198
7781
6753
9702
570
489
4551
5888
622
2023
3124
9041
7371
6977
4400
7993
7950
1760
4613
6375
9151
8721
9225
41
5391
1821
8320
2436
7169
8365
8447
6774
9867
6909
4963
1194
5596
7297
5747
3629
6704
2758
6499
846
4258
3418
5739
107
2273
9454
152
1274
550
6634
273
7028
4565
6322
9756
457
3138
6520
1602
6400
630
6211
752
4590
9298
8766
4112
2393
8739
259
8647
9293
4039
3802
5680
31
6783
8684
505
4080
3941
1437
365
9892
927
8202
1602
8995
6165
3839
7955
3296
1136
2700
6800
7272
4947
2201
3781
9661
8015
9927
936
8468
7105
7913
1991
1580
7599
5891
1154
9313
2259
8050
1860
1439
5318
4828
6104
5658
4385
4105
2650
1917
7904
1170
1387
5361
6840
2905
3641
9729
459
2169
335
6733
2105
2463
2728
2619
2713
9754
7642
4692
1160
1087
1872
4062
5986
2416
9416
6789
6959
2494
47
4608
3167
2492
90
9250
3065
7574
3494
3085
9407
7938
1106
5646
8711
3861
4091
7205
7526
5033
6648
4979
2862
4862
8424
2505
5818
4959
9449
7470
9606
6646
6490
3297
2724
8083
2387
2528
2733
9832
659
9801
7301
4264
5882
3807
386
8210
4264
672
9310
2569
9382
3668
6138
5078
9828
2167
646
6992
8018
1515
7999
5594
4771
568
856
2669
2287
294
444
3000
3368
2301
2291
8726
4591
5786
6083
3007
3416
4548
5512
8209
5419
7456
9719
9904
2540
802
9871
9131
1469
7013
9906
8065
4131
1357
5411
8756
9398
1914
7359
7325
1837
3664
8865
2209
1066
4885
1313
8210
2625
2715
5453
6649
7167
79
1659
1666
5000
5744
8605
9768
49
5252
5814
9716
5792
2951
2716
4928
8929
2726
2894
9984
2730
3787
7224
6147
897
8682
2613
5174
7724
5867
1396
361
2634
1240
5502
9623
4864
7754
6599
3376
8534
4559
3
5897
4659
528
2667
3079
8918
9568
256
9544
1927
3222
3903
5283
814
7951
2006
7712
8226
8125
4710
7898
7124
2149
8585
9956
9004
7176
5478
7738
7300
3696
3314
3354
389
1614
8105
5651
7471
2481
910
2573
7293
4873
8383
4905
375
7740
8077
3802
8393
5961
4170
2819
4309
9980
6500
8547
741
6706
7041
8415
2323
1229
9307
4063
6316
8858
9278
5628
1058
8544
7343
4263
7602
9532
2016
3614
9206
1835
4897
1115
6171
967
8729
301
693
6182
1398
8203
9841
2463
4961
7046
9643
6159
2565
1390
4994
2795
8305
9304
8985
3575
5836
2271
6383
4806
3561
3321
2529
2755
332
1483
8719
4319
6443
527
8380
939
3688
8660
825
4617
318
279
3669
1758
7001
5633
8190
3547
4715
3521
7851
2124
8157
8412
6381
4496
1955
9250
5634
1755
8803
6434
9644
616
5543
9761
6770
3171
9265
1047
9126
6758
7135
9146
8871
5570
6479
9551
6887
1888
5444
3966
5392
7480
9865
8662
1250
6450
2469
1633
4944
7132
4688
1657
4540
1276
1670
2043
864
534
586
4491
4926
9295
236
6920
9786
5570
6958
4529
8519
5411
9299
1336
9407
1667
312
4230
9400
1940
6088
2319
1411
4846
1691
5304
8214
8369
2335
262
4028
2187
3898
3976
4859
6060
8462
184
2087
4008
7118
7182
2501
2364
5264
2406
530
8213
9876
483
8453
6286
132
931
7123
7897
9003
6917
1922
3552
2459
5081
6927
6027
8170
2487
2004
7700
8685
4370
1508
4634
6664
5518
1929
6115
6964
1728
2224
9382
1650
1413
9715
1000
400
4870
1464
788
2377
8506
600
6368
7137
476
8594
1454
1698
1631
8656
5521
9024
9919
3851
9937
4628
2778
9115
2384
2663
2702
6321
1709
5293
4549
6473
4409
6260
3151
2186
3993
3053
3470
6704
1483
7802
968
5355
1068
2729
5480
6329
409
3936
582
3282
5604
9993
8056
8355
9242
8032
3737
1949
2163
7019
7738
8462
2730
7257
9798
4337
6718
8830
7674
3602
5911
1598
1620
4676
4509
4375
9499
8518
1141
5285
3423
6803
7133
1072
8451
393
2651
6152
2088
6605
7520
2996
9596
4636
67
3111
2147
4101
9676
228
1140
9414
1789
4772
9112
1316
152
2470
4382
6863
1613
7878
1587
8708
3218
1664
9680
5189
6457
9206
2788
5079
7756
1489
7363
3162
4572
5413
3615
7726
5082
9864
823
5940
9141
6517
2365
5635
5110
1099
2220
3292
840
91
3225
4431
4061
9362
2697
9151
1324
5091
1412
3300
1583
7946
7976
8656
588
3164
2625
8757
1122
306
3368
4196
4807
5128
6378
824
2463
3681
2026
3413
4656
8781
5337
9467
1364
14
4309
7904
8574
807
5152
4492
4752
2678
5298
7718
2045
7235
9217
4640
7482
681
2353
4414
1819
6310
6695
5677
9563
6350
5282
6514
5083
7140
9932
4912
2799
8795
2092
6286
1878
761
672
7480
3449
1485
2890
3396
7989
1443
8440
120
5356
1142
5513
6043
24
5942
4940
9049
2498
1802
2091
6635
962
1303
632
9158
7544
833
2247
8354
27
6769
6253
6686
896
5657
8471
2419
2589
8708
8653
5542
4670
2865
280
7745
1623
9009
514
5396
6091
990
557
7032
1789
9279
536
1733
6278
5049
669
1845
9702
2521
7950
6600
9054
8575
9457
1801
2365
2125
1529
4080
1321
8049
1015
1866
2240
3438
6128
4774
3904
8658
7409
1873
6644
3715
9889
2229
5648
6923
182
2013
4399
7414
5131
4540
314
810
7424
1167
1724
9431
2050
8976
2708
4382
6237
5500
7083
1798
7807
4535
3767
7805
9070
79
9726
204
1181
3070
3807
7422
7771
2260
1038
1651
477
6196
2414
560
877
3197
7428
5769
5746
1837
505
6113
6930
6657
3712
2993
4885
3168
6713
9687
8893
9784
357
673
7443
2280
411
1307
115
737
3354
6678
4442
7319
752
441
783
1484
4123
923
1456
7102
2350
1282
1007
864
7574
7174
4477
3687
813
2122
9924
2806
8511
2764
555
5180
3851
8826
6358
2043
5741
279
9101
3725
2233
2398
2270
8834
8810
9319
5797
9277
1852
648
5003
4560
2006
830
2540
245
4573
1180
9373
175
8213
450
5710
992
8489
2322
4269
2764
4941
415
8763
5133
801
2167
1859
4505
841
2787
4232
1233
2427
1532
3454
8939
7160
5088
44
7058
3535
6725
4144
7677
6911
653
339
701
2955
1323
4079
395
5587
4149
1054
257
832
8203
4069
5271
224
567
2769
3138
5155
9509
2288
3336
3844
4021
1268
3943
1980
4110
2531
2006
1636
2165
3490
1964
4618
7454
180
7184
9127
7027
5213
7248
8206
8291
2044
3286
9318
3772
5192
3528
923
3948
7130
143
5218
3572
2108
8010
2924
2478
832
1844
78
3953
1988
1427
9582
5059
3892
1827
432
8158
2721
482
5842
2934
1393
989
7300
3690
4134
3771
1053
5240
4995
7128
2330
4326
7933
277
5351
1999
1198
2318
6739
9626
5968
6876
2687
7809
9000
2236
1192
2368
8369
3775
7093
1965
1883
8964
2306
6248
7234
8067
6671
9266
900
6811
3043
4275
190
3519
5285
6630
8246
7772
4012
4664
8878
4462
3045
4865
679
2771
6517
817
3029
5472
2351
703
2978
5314
3752
2014
8213
680
2106
5698
5716
928
1414
1586
1943
1647
4717
3053
6287
4533
2177
1953
4711
2096
199
3642
3802
9776
8336
7609
8117
6747
5208
2725
5534
9057
7246
6198
4102
4243
422
767
5547
7663
5547
763
192
1407
1609
44
1025
2611
3865
7328
8002
1596
6270
885
168
3275
9233
1487
8362
7145
760
935
5640
3960
2444
4181
2477
4218
6186
3426
7889
1649
1434
9255
4626
2374
8191
9099
629
1229
4062
2955
2135
2073
1042
3290
8505
5276
1375
3067
6267
6274
1142
3724
775
239
2425
3222
4226
6134
8240
9186
2703
6732
5722
1918
8869
1420
8199
2736
4657
8827
5638
1179
2735
5471
1339
2416
1701
7004
4820
8678
3184
9343
6155
509
5348
1791
2622
3519
8014
1120
8622
1816
1340
1513
1877
2712
927
9321
8571
38
7903
5830
3818
1751
9808
2102
2721
7007
645
3361
1974
8216
5474
1622
2640
4497
8998
7262
5283
1608
1352
5902
877
3339
384
5505
4017
8539
9354
4149
3282
8339
3783
3572
1714
6296
69
5110
3947
5137
6544
1237
3134
7288
1112
3985
8938
4385
7221
1749
8848
4202
2296
4506
53
5108
5044
202
3079
5410
4941
6808
9507
463
8176
8142
4790
6613
147
4935
3586
3131
4142
9502
3716
607
7546
2902
6596
5428
745
6796
1341
5421
3911
2090
9933
1195
2991
782
3423
5043
5633
6570
5927
1332
3890
9308
3629
6375
3380
3153
3407
8344
4040
5174
5952
3060
6609
2143
8661
3907
7227
5932
5905
4024
3644
1112
3039
9463
8825
9939
8992
2726
1612
7235
5494
5815
7893
1591
1169
2197
4719
8636
6679
1917
2069
2787
8265
6944
2372
9379
2452
1590
2946
6363
8037
6180
8415
9627
625
8800
1307
1283
1620
9461
3608
6507
4360
5347
9618
3189
1000
7032
6892
8624
5413
7717
2685
559
3129
890
523
1274
1258
4036
2182
50
1121
2696
9528
1290
5452
1888
6124
7637
2721
8117
6733
9387
180
2381
7120
8752
3531
6776
8708
422
3120
1702
5576
1457
6438
4779
4527
1163
9871
597
608
9866
893
6253
7760
9823
1784
6892
1428
1041
4368
8977
2801
6473
7652
7632
3687
7678
2594
1964
6750
4164
9279
9784
1823
9361
3673
9291
5622
9680
9051
6114
3591
3434
977
5243
8271
4545
2621
5775
9531
8286
985
4190
8015
8430
6366
5602
9536
3049
8836
5005
914
5588
411
9972
4970
135
5434
817
1131
288
1062
1987
659
4825
7349
1625
1227
7608
4162
1519
6906
4310
6580
8855
3580
1523
1259
9051
6274
9928
3563
8482
4409
6028
700
226
2719
6091
7440
7621
7219
2051
9671
7871
8269
7329
8336
5839
110
1228
2417
8132
2489
6032
1352
9938
6785
383
4931
7300
5205
7058
7661
2388
6522
6886
9674
601
6936
1525
3301
5377
9528
6865
151
1679
8108
7913
2923
7430
1711
8757
9360
647
2142
5124
9551
6279
5463
1401
7021
2389
7329
2401
9907
8586
8781
2392
1756
1106
1948
4413
3439
4394
2545
9459
8206
651
7720
5529
2446
7814
3366
844
168
2352
355
1403
3311
2431
7990
411
3139
149
575
1436
1429
6349
4331
2380
1180
8308
9011
7483
4471
5163
6838
7391
2116
9210
7113
1113
7825
4118
8492
967
9825
3094
9615
9435
2657
9282
8820
9468
395
2973
4263
2251
4010
9589
1323
6745
5376
2568
774
7143
4293
4506
5216
3822
7825
6644
8760
2049
635
5343
5512
975
3746
977
3802
3005
7197
7895
187
7299
4638
8740
2943
5990
6252
2393
9525
3751
6049
6966
2348
6249
9761
7727
4870
7512
1084
7730
988
6633
7574
2360
4467
2780
7157
9595
6493
2345
4426
9511
3170
7162
3220
3587
5329
4709
4641
7954
946
4494
871
3909
8542
5178
9010
6467
2465
1750
8078
2732
7358
681
2152
3450
7635
1127
8480
9097
5423
1368
6962
1705
3858
3448
9461
2978
1524
9680
3554
2407
905
134
1785
4061
2786
2448
833
9774
6279
958
2031
1241
8356
6457
4074
2605
6146
9126
2108
3430
792
1504
2539
7766
1650
613
952
5096
9632
1391
6951
3761
6338
4663
6705
3576
3746
8565
4679
9639
5138
2394
4903
1106
8633
2673
9860
1848
4440
4419
2241
2024
1425
635
8478
86
2026
3177
1254
4685
3614
6779
3912
199
6421
441
5045
7931
1478
6015
4041
1623
2874
3376
1854
1198
2530
4489
1149
7219
1963
8549
3510
5335
4145
4783
2755
1232
1010
1260
2663
4746
5429
7530
4172
6242
6411
7124
2190
8097
5732
968
3074
2533
7701
9594
5084
5878
8553
4586
239
1096
7013
7587
7589
7612
4400
3030
2929
2876
7939
3351
4515
9303
5662
9013
7053
2121
4875
5504
7796
8831
5958
4342
1049
9978
77
4031
2760
1602
2133
3786
3472
7724
5661
5975
9348
4127
7335
5366
9986
2403
7156
5232
6578
6171
4591
277
4225
2709
8157
3669
255
384
5764
5203
6821
45
3769
5271
4555
2009
3934
7667
617
9834
60
984
5164
8407
5021
8233
6188
6301
4622
8288
5660
8655
4962
656
785
4750
8682
5308
6694
5098
5684
134
9903
2391
1394
266
8877
5604
477
5483
6562
3720
2905
9950
8453
5005
9226
2822
9992
1233
4071
6736
1768
3851
8143
4864
3109
2395
9417
6939
2979
5269
3184
2167
9391
7920
575
3263
2870
842
6281
8476
3011
1390
7436
1345
295
5032
8647
1237
2206
2968
2553
390
1951
2646
732
7900
9300
4437
6643
683
6476
6986
5423
8014
5037
8335
5016
4112
5181
2739
1722
7100
5091
3957
2974
8169
8810
2321
3371
334
454
2986
7660
9132
6457
4184
7955
2907
5976
2611
9950
5957
3290
129
3722
1907
8945
8285
8965
5492
3196
7337
2409
5493
7515
2709
3845
1790
853
4496
5950
6185
8551
1869
294
5672
7038
5866
7499
551
3175
2222
9476
544
1028
5601
1864
3454
34
2593
7215
5684
5801
8930
876
2542
116
8037
5996
6408
2017
5740
8632
3006
9898
4844
1905
3860
6950
1652
6749
2407
6058
9821
3132
595
6036
9795
2257
5319
6185
2420
3405
5798
621
2838
1054
815
611
8813
376
1823
6630
2957
2290
8069
7480
7309
21
2070
952
989
7248
4803
2137
2761
447
4024
624
5663
2541
1078
9326
1869
6184
4243
8480
942
2100
2096
6307
4711
4019
2363
3292
9612
5795
4022
7703
2073
2712
7048
4237
9886
1932
4979
1276
6874
5956
2646
1378
4411
1749
7987
9273
2453
279
3331
2778
7842
4568
7385
2395
6648
4500
9028
3802
4657
3876
1033
6559
3815
8596
5601
1805
9838
4505
7695
1226
4327
7507
2804
6384
1042
4144
822
962
2019
8194
2671
4578
1929
8705
6898
1954
6347
9939
4579
4234
6371
6491
5719
5162
1856
9600
2905
7392
6134
1760
1391
4860
233
9029
1980
4162
8810
9846
808
4448
1361
1281
4701
1985
8155
8920
7299
4881
4006
4537
142
2162
8523
7762
5606
2510
8459
8197
1432
5166
5086
5720
8187
170
8807
9457
7717
3042
9228
4208
79
2141
1444
8669
7462
1839
1426
9315
7236
1728
1697
269
5215
5595
368
8737
8511
7188
2225
170
4790
9102
4029
5338
7723
4732
7210
9343
391
7318
367
9509
1060
1567
6806
29
1827
4180
1507
3693
9037
2631
597
7959
3820
2349
6027
158
3163
8436
7465
7383
1115
9146
8555
957
3319
6778
4473
1479
3210
7256
1323
9421
4320
8143
463
3881
1499
8856
5353
7243
4247
1150
7594
672
5583
3440
6804
6931
7505
2310
7596
9476
6911
3976
8049
921
4744
4124
7037
274
7751
158
3914
81
5178
9636
7302
3754
3013
8914
9242
4855
9160
428
1447
5855
1263
4155
3330
3656
1464
5522
3442
3866
1514
3777
2919
9430
6516
8009
5981
5143
2884
3761
2050
7320
5401
8936
1316
2022
1275
6140
478
1112
985
426
5557
428
611
5751
4494
9091
8650
2671
6002
2352
9860
7469
4596
381
6837
954
9794
1583
5850
8376
2363
5594
3207
1281
2209
6072
8484
6588
9086
4758
8915
2833
731
2928
2821
988
207
1694
1886
2407
5381
8974
6950
2707
2769
2901
353
1671
1604
2864
1185
9213
5278
1824
8795
9800
8788
9365
2440
5051
7186
4234
8588
7846
7954
9665
1612
4130
1406
6848
8747
4032
1858
1085
3382
1420
8150
4742
9234
1224
1946
1108
4562
1286
2242
2625
6045
2741
37
8679
3774
2289
2385
2139
4862
9092
1777
266
768
5409
7282
6866
4955
7507
354
4884
2590
5969
8009
3353
1022
260
3229
3443
8947
8348
8497
6005
6356
704
6813
1333
8720
3333
548
8001
4576
5314
8001
7664
7977
6561
3588
987
3749
6839
5964
1579
8068
5752
2341
5877
783
7317
804
5843
5678
7351
2000
9668
6506
9409
2916
5192
6341
9185
1330
3812
8249
2071
8762
5341
5455
825
4331
5379
2049
6694
121
2923
1682
1673
464
850
2796
6049
1896
4830
3385
2287
2809
1015
3558
6927
1249
6967
5766
2347
948
2957
2851
1116
3603
88
3786
4642
1776
3138
5991
4086
9969
5051
8126
7838
7187
6504
5021
5233
8368
1932
9070
3116
932
8837
8257
4756
2125
5610
4489
4060
2801
8516
2869
1017
9477
9242
3618
1492
1979
7057
927
3920
1755
803
2162
2621
5573
3536
7401
8765
9493
3059
2564
1301
2937
7159
7793
8438
3263
8921
71
7068
5154
495
3703
2694
7975
3449
1199
823
4787
1319
1426
3452
1903
7404
4149
368
783
4033
794
2893
9183
6365
3762
7043
9183
8628
8575
1405
7024
5245
5672
2850
8991
8600
2737
490
8098
6671
5610
3587
2769
5341
8502
2290
1479
7085
47
2461
5160
9780
9111
8984
1525
6081
3698
9278
5518
8356
8995
515
3176
9005
7285
1624
1855
3926
1035
8335
3485
3412
1529
2239
5052
9929
9620
698
8952
8158
8647
7949
377
6720
8872
6295
5248
9752
5163
8446
1583
5615
1126
1135
6126
6865
964
7876
4011
7266
1645
2507
5185
1486
933
9668
4557
2821
6996
8523
4669
6712
3271
5687
9129
493
4118
898
8183
2697
7621
955
2506
2142
1790
7592
7690
7106
8366
6527
5050
1874
9599
2711
8886
6487
6935
8570
9691
4217
3759
734
9148
7681
6678
501
2369
899
5335
5057
1107
6316
2296
252
5510
3832
8724
3799
4326
8551
9516
9537
53
9632
841
9931
4915
2855
9942
377
9887
8476
555
187
7549
1012
620
8717
2073
2971
2228
7852
2203
5321
8780
2986
540
7973
4417
3252
7127
7800
1733
7602
659
4884
6068
1342
3776
5572
8729
6953
8368
1349
8946
2090
6905
2726
5218
2632
1240
364
949
3483
8760
4969
2265
4541
8563
9854
2268
5639
7368
7534
7936
153
1229
8901
2422
6474
7847
168
2138
2737
6616
6591
9707
6771
7192
4929
1726
8814
6663
9198
9635
1269
1009
8291
776
7341
1572
3386
5964
1927
8190
976
3879
5360
8219
7115
728
4437
9677
2715
1840
2603
2668
6575
5597
9677
257
1964
393
9799
3389
6986
100
8419
5519
7168
9631
7010
8118
2177
4571
9278
7380
4662
8145
2893
5268
7422
6563
2232
925
2595
5106
5693
54
6143
5826
8609
2589
7023
5371
9626
4723
3703
6146
4493
7338
1254
5287
675
2242
9532
1904
1666
5664
8441
4918
1161
8112
9111
1949
7515
3421
8042
2042
7120
558
4295
8817
9256
3619
6611
3645
1073
528
6253
8019
1403
617
9055
4265
6970
6240
2913
3762
3724
5642
9935
1213
76
744
1165
8128
9222
9173
6759
8351
3499
5291
9725
9442
9655
9116
7775
2261
8418
8925
2933
5185
1716
1381
8547
5915
493
4503
9483
9627
9668
1787
2851
4112
2749
2644
2264
19
5248
6526
835
9801
2952
854
2523
1789
5737
5023
5339
8333
4678
9058
38
6323
7586
8597
4856
5191
117
8607
559
5426
8833
1515
1434
1830
2102
2619
2480
61
7538
9536
4597
4992
2333
7639
776
9162
3013
7461
208
2875
1605
1094
9720
6560
3515
5874
2584
9875
682
2226
7159
1839
1213
1345
3246
7112
1485
4966
4350
1608
5925
8594
3989
8124
7235
1525
5661
1313
7650
1653
2133
1433
9686
6226
6596
3010
200
1459
7947
7817
5763
4517
4458
458
6382
742
6390
1068
1291
7773
7338
9995
894
9804
9963
8997
1986
4952
9120
2746
5401
233
7570
7917
3683
6669
4977
6464
6849
8241
2167
5231
5978
2899
97
7628
6269
3810
2282
4875
5112
4615
2298
4238
6984
8376
6784
7476
5186
1385
8955
1645
9906
8774
128
3537
1554
2896
567
2466
1630
9284
5318
8399
2373
4114
3106
8907
3458
3755
8419
845
811
5628
5320
8105
2154
9691
4795
6255
5867
9776
966
9874
7157
6422
5654
636
1068
1938
1534
4704
2294
6755
5247
6432
269
394
4983
768
2884
6732
4536
5819
4990
1973
3883
9044
6715
8240
2116
3631
5636
5636
9576
4050
1033
801
6076
1622
4889
9084
7439
7154
6178
2999
347
9578
3722
2228
8616
1667
1837
763
1986
5003
2983
298
5164
6487
564
1453
2948
733
3766
2734
8905
3
5000
8638
9402
8967
8257
5109
3073
4704
1274
535
7857
9845
1059
6664
9355
4813
5491
4049
7127
6438
8863
6578
3265
6314
7021
4170
2034
1519
6569
3094
1
14
408
1302
8649
6279
2379
2886
1853
4226
694
988
25
377
1042
1773
6714
4324
1375
9429
7937
8229
8206
2278
9220
3622
8990
7568
1894
5551
6325
835
6377
2812
9266
7569
144
1694
4433
8007
9657
6273
9902
3389
7947
4382
9469
8348
9901
3538
2137
1615
4632
6847
8092
4350
8221
9953
1727
8535
3897
2451
9586
4493
168
6339
4862
9158
9064
1716
3097
7087
9296
8915
9482
4179
7728
3436
877
9276
2282
7773
1081
5497
6274
1595
1568
4608
7923
8836
8375
3062
9954
213
6103
7469
3206
525
3907
1357
5592
1217
1324
535
7735
5601
2369
4437
1551
6411
8538
166
4155
6031
2790
601
9705
9075
420
4823
2910
7480
9967
7318
2521
1356
9902
5883
2556
1745
1003
5168
3224
4061
8033
9782
1640
2836
9388
2652
7681
7780
1692
417
5512
9295
810
1095
5076
4254
702
553
9158
7843
4352
2110
4599
2304
3741
2414
1137
2822
4796
692
1536
3553
8114
4517
4602
2498
3715
4720
9388
7613
3850
454
6039
7765
2731
1324
8620
468
7207
8383
5108
2799
2799
5655
5267
4008
1885
5231
1565
5798
127
3747
649
7523
3493
987
7141
3989
9182
8408
3258
6047
29
4493
6818
5320
9570
4736
4344
2813
694
5920
6127
2738
3399
8040
6917
8558
1797
9061
1688
1928
5884
3717
8458
9405
2067
8161
9473
388
6436
6125
4723
1587
1214
2237
5856
594
1927
7722
9568
288
6197
4565
1743
6198
4895
6762
6949
8105
7983
4121
747
1684
4379
2930
8939
2693
7700
1567
439
6758
6783
5990
1453
31
4355
9950
6394
5898
2753
1314
2156
1960
4714
1205
8412
9234
8382
2261
1612
4865
913
4418
9373
1986
275
1121
2149
2021
1296
7756
6879
1845
8341
9692
5506
2781
6212
6618
295
2760
2890
5650
8821
4186
8751
6521
7823
8813
7309
8544
4929
2191
2564
4985
6199
1738
5054
9898
383
9315
9727
1536
7023
3608
5423
1862
8410
6836
3979
550
9119
1924
1064
3807
8514
7231
2314
4984
7520
6657
3012
2564
9773
7961
3648
1878
8480
3524
9154
5510
321
9337
1368
8741
8801
7527
6389
4541
539
2027
9118
5549
4122
3351
5588
3508
1804
8655
2612
6555
7509
933
1947
1448
1254
1192
845
9408
8704
1912
4296
9917
8116
2446
7796
1760
1532
1690
255
1641
5583
8252
1830
1973
3489
6215
2662
9879
1497
8850
6660
4986
264
3489
153
1429
6103
8196
643
8448
7983
5151
8392
5878
1534
4602
396
2940
9769
9
8388
4481
5005
3774
3819
5670
6795
3373
838
7152
4788
3809
1908
5052
4112
3693
7096
3378
8821
886
7193
2589
2662
9007
633
7402
8890
4596
981
6719
9455
9004
7277
9022
6350
9689
2757
3513
8848
2433
3787
5272
1106
2354
74
2553
2613
1825
9054
1112
7226
2308
1688
7520
7708
161
1941
2064
6269
8518
8410
3025
6230
2715
1298
8631
473
1621
5052
1702
3081
1916
302
519
8733
8911
8847
1547
6256
7382
196
7551
6909
1736
4057
8880
3321
4510
8978
3153
3073
3591
4738
5579
2662
1630
1643
1317
470
4634
6919
3620
925
5092
4296
2116
8188
7966
2955
2647
9688
1842
9810
8558
2310
648
2961
8870
3862
7164
137
3061
7549
4335
9060
821
8248
5453
2928
5263
6589
16
9472
4748
2436
4451
4798
1160
4375
6841
326
1960
4486
5902
9535
9101
8414
2286
5803
714
7850
2453
7858
1587
2954
6407
905
54
9411
3105
2121
526
1319
8495
6397
6053
4599
6159
3195
8922
9974
1222
391
6612
4688
1170
6133
1558
7979
5488
1486
3123
6269
6687
2468
5939
5854
9989
9609
1767
2271
7184
5773
1801
459
2559
1815
2296
9629
5602
1526
8547
2674
6863
1319
291
5729
6775
7018
1246
9848
1928
4881
6905
1496
4324
6649
734
8899
6402
4940
3775
4341
2276
8325
1193
354
296
6885
9260
8366
7379
5878
7818
4547
9579
15
2174
9966
5523
6423
9824
6170
4413
669
2822
1138
107
6503
9692
2513
1494
3705
4919
5596
2179
2105
982
8962
8163
8737
8218
1347
8073
5764
7464
9903
6322
421
2461
2224
6672
3700
1889
6875
7511
8426
5423
1427
6924
9415
2244
7663
7786
8682
6758
2940
7143
1793
5319
6486
2678
465
9770
8803
7950
3048
85
1904
4108
9681
7911
1488
1460
1625
1148
7970
4158
304
5823
8291
5183
8961
6927
6933
6788
1381
2949
7438
6630
4420
229
9203
3195
2206
7235
5126
9257
7482
152
8717
17
909
773
3670
345
7021
1479
8776
5658
8886
7852
123
6203
8301
9684
5147
1150
7587
9868
9849
2090
4908
215
1171
1896
64
494
7172
5154
2866
2314
127
6729
7023
4318
1608
7462
4601
6938
3620
611
3797
1902
3938
6058
2946
1100
3210
9118
6284
450
5093
3114
527
582
828
2103
8879
450
422
9089
1959
1394
925
2524
4145
2843
7840
1699
9734
7919
5678
3217
7862
9390
1985
1732
1833
4703
8105
6238
727
351
7787
9582
3670
2345
553
6126
4994
6264
2819
5422
1570
8553
1983
1282
7129
7203
6293
5623
4601
7755
8670
7740
943
7220
671
495
5179
7588
9056
6421
2910
7325
2242
5053
1849
8393
2639
2951
3491
8119
9236
4961
9163
7894
9181
8643
2335
3743
6128
1020
2045
4425
9629
9580
3336
8855
7796
2228
2158
5332
6903
874
6327
1841
4162
6769
464
1790
1624
8857
952
9992
4240
3267
1786
5394
2784
9687
397
7063
7896
8889
1721
542
3362
8666
5147
6015
9160
9867
3226
2614
263
4711
443
8166
1715
9489
7266
7471
5356
5724
2698
1346
1023
2346
4375
9972
2527
8487
2378
1090
9077
2214
9476
6133
757
6060
6910
1446
1956
4492
7801
8755
1063
4803
3458
8818
7230
1653
9592
5013
4993
5496
17
5438
777
7887
6985
6885
2530
3017
6381
5241
9615
2124
5207
5860
6015
123
6203
1681
4767
4704
6577
3250
4544
1926
611
2877
7194
5382
5434
6935
5009
8484
1237
2084
6087
331
4794
4333
6386
8551
9247
7187
847
33
6698
9027
1111
7584
3800
1515
6945
7245
3676
236
6489
8616
344
7680
3328
314
5136
4862
7651
5066
7885
3819
3696
3796
2560
2387
2070
5959
1016
3929
3804
1038
2389
5115
4101
5233
7517
6762
3699
6381
5568
8488
3226
1313
9831
8819
1510
9770
9698
593
4016
8450
2994
6972
5580
7156
8468
8528
9798
1715
4303
5186
6447
3915
4768
5476
3586
2696
8372
1494
9932
7286
1077
6959
7163
6521
3289
2909
6246
6286
1400
7801
2974
210
1100
1662
2340
193
7517
411
8635
2353
6622
7239
6430
2193
2514
8869
8709
7964
8884
9112
3012
2658
4149
937
1253
808
8134
3126
2808
8847
4249
7565
6711
6451
5475
3498
9807
4677
2597
2029
5420
7243
5291
4624
5571
8614
8356
1463
4694
6324
308
2968
8932
3336
9382
4189
6223
1879
3286
8136
7858
8419
766
1142
723
7181
8127
1879
5205
1591
1714
318
305
1352
3599
2900
2614
6835
5679
4065
4542
1434
941
8509
8915
7679
8194
9588
4418
1964
6401
393
9454
2420
9663
8892
5513
6937
9799
9998
5455
8366
7998
2388
2291
5248
6338
8651
3229
8033
2984
2124
100
9781
9511
1136
8345
4961
9887
1877
3188
8896
6638
609
884
7480
9236
1350
5969
1389
5509
6535
1635
4420
4159
6154
9848
9563
4268
9486
2786
4295
1130
5727
5456
5149
6250
8344
3999
6437
8886
8745
5967
1644
4662
6057
2362
3913
2900
3693
1987
738
6239
3961
7292
2848
6333
3542
5835
7761
2421
4037
3581
9692
8860
675
3546
5226
5661
7582
652
5347
1966
2519
1195
934
4337
3960
2730
2318
1961
1272
4008
9089
4478
8541
127
8730
7474
7281
5345
6138
1796
1960
4836
282
1733
3568
3387
9460
8218
5626
4472
5843
9329
168
8926
1400
3799
6408
8828
5902
4537
5776
8551
5072
8682
2026
4774
3594
8420
8578
2324
2126
4898
6701
7169
264
8734
9485
6234
1203
5895
7507
5787
6829
2453
6068
6994
4968
2688
5438
8886
931
4941
4604
2680
5689
8810
7193
2792
8184
7901
2210
4027
4917
2967
4431
9195
4126
1199
5379
2192
1103
6637
6513
158
3657
3475
6466
3775
9168
3843
9652
834
1812
1533
7029
4003
771
9095
3377
5438
9692
1459
1432
2718
7607
1515
3412
8155
7268
48
73
9140
5409
2659
9725
9000
5359
5187
7786
3723
1591
9913
5906
3991
4937
561
6963
8977
214
9738
8171
5358
63
5294
3069
6742
588
9254
4628
984
4306
9624
2568
3806
3199
2147
5247
4497
8487
7197
1094
9072
8197
1210
4847
142
8682
8928
2957
6298
9513
6905
4654
434
2151
728
2425
7754
9853
6399
88
1546
1840
3857
2039
694
6386
7556
2206
4690
506
7001
2091
8133
7778
5086
2612
765
5103
355
9276
6276
2534
1037
8003
2706
797
1432
8371
723
1456
4672
8360
3401
2918
9025
1231
4853
9715
4541
7987
82
3630
4446
6660
9763
6421
7629
4665
1503
5472
6450
983
4233
7668
4077
3346
5605
58
6197
5491
5623
2591
4527
6267
4270
7036
2065
1368
7410
6296
8567
3765
8106
989
7269
9783
3361
1352
3662
1957
9385
277
3941
1623
1568
1675
3939
2370
7795
7668
8936
242
6816
4976
5157
6122
8800
2906
6729
9
37
6539
2762
1741
3120
7693
5558
9388
7175
9859
2283
3696
6677
9223
4676
6611
226
6915
7269
556
2100
8885
5913
3720
8134
1469
25
2333
4104
1224
2960
